# This .csv file was created 12.10.2024 14:29
# extracted out of file prod_mindist_mol10_outer_dimer_area.xvg in working dir /media/ron/DiplArbeit1/neue simulationen/6FXb/LIGAND/CLAB/6fxb_clab_1
# Original file was created by command :
"Minimum Distance"
"Time (ps)";"MOL10-outer_dimer_area"
"0.0";"3.816182"
"10.0";"3.750552"
"20.0";"3.81687"
"30.0";"3.650402"
"40.0";"3.723359"
"50.0";"3.634585"
"60.0";"3.712322"
"70.0";"3.497225"
"80.0";"3.482373"
"90.0";"3.559622"
"100.0";"3.557635"
"110.0";"3.490395"
"120.0";"3.517205"
"130.0";"3.486054"
"140.0";"3.566014"
"150.0";"3.469858"
"160.0";"3.588886"
"170.0";"3.677921"
"180.0";"3.540273"
"190.0";"3.45403"
"200.0";"3.302895"
"210.0";"3.359599"
"220.0";"3.617345"
"230.0";"3.455832"
"240.0";"3.313435"
"250.0";"3.348804"
"260.0";"3.189734"
"270.0";"3.133769"
"280.0";"3.198239"
"290.0";"3.135588"
"300.0";"3.165652"
"310.0";"3.18411"
"320.0";"2.992354"
"330.0";"3.120455"
"340.0";"3.234004"
"350.0";"3.205224"
"360.0";"3.255894"
"370.0";"3.376975"
"380.0";"3.316952"
"390.0";"3.436405"
"400.0";"3.399719"
"410.0";"3.402839"
"420.0";"3.426014"
"430.0";"3.451577"
"440.0";"3.445765"
"450.0";"3.314396"
"460.0";"3.469154"
"470.0";"3.422001"
"480.0";"3.435315"
"490.0";"3.397278"
"500.0";"3.489336"
"510.0";"3.480203"
"520.0";"3.444784"
"530.0";"3.384259"
"540.0";"3.423119"
"550.0";"3.443852"
"560.0";"3.470716"
"570.0";"3.462604"
"580.0";"3.351475"
"590.0";"3.459648"
"600.0";"3.554545"
"610.0";"3.522968"
"620.0";"3.56453"
"630.0";"3.452392"
"640.0";"3.516707"
"650.0";"3.501392"
"660.0";"3.630062"
"670.0";"3.526604"
"680.0";"3.721831"
"690.0";"3.544134"
"700.0";"3.525033"
"710.0";"3.411016"
"720.0";"3.302989"
"730.0";"3.382473"
"740.0";"3.131002"
"750.0";"3.211824"
"760.0";"3.176049"
"770.0";"3.208616"
"780.0";"3.134664"
"790.0";"3.09311"
"800.0";"3.198712"
"810.0";"3.250476"
"820.0";"3.291225"
"830.0";"3.254965"
"840.0";"3.183921"
"850.0";"3.206946"
"860.0";"3.124156"
"870.0";"3.262596"
"880.0";"3.230315"
"890.0";"3.146314"
"900.0";"3.10763"
"910.0";"3.194342"
"920.0";"3.330304"
"930.0";"3.243506"
"940.0";"3.37313"
"950.0";"3.224152"
"960.0";"3.398883"
"970.0";"3.261739"
"980.0";"3.2873"
"990.0";"3.265109"
"1000.0";"3.174237"
"1010.0";"3.153789"
"1020.0";"3.350888"
"1030.0";"3.267801"
"1040.0";"3.274299"
"1050.0";"3.28178"
"1060.0";"3.2544"
"1070.0";"3.317835"
"1080.0";"3.117361"
"1090.0";"3.064384"
"1100.0";"3.165977"
"1110.0";"3.158185"
"1120.0";"3.095393"
"1130.0";"3.139071"
"1140.0";"2.956575"
"1150.0";"3.067426"
"1160.0";"3.012116"
"1170.0";"2.819347"
"1180.0";"2.946078"
"1190.0";"2.76699"
"1200.0";"2.859689"
"1210.0";"2.830147"
"1220.0";"2.927951"
"1230.0";"2.929197"
"1240.0";"2.8286"
"1250.0";"2.96177"
"1260.0";"2.882951"
"1270.0";"2.88893"
"1280.0";"2.973529"
"1290.0";"3.027731"
"1300.0";"2.994852"
"1310.0";"3.015285"
"1320.0";"2.951923"
"1330.0";"2.889325"
"1340.0";"2.877913"
"1350.0";"2.912783"
"1360.0";"2.924737"
"1370.0";"2.827294"
"1380.0";"2.982342"
"1390.0";"2.871261"
"1400.0";"2.857285"
"1410.0";"2.87156"
"1420.0";"2.829586"
"1430.0";"2.79554"
"1440.0";"2.779488"
"1450.0";"2.85183"
"1460.0";"2.76632"
"1470.0";"2.666123"
"1480.0";"2.909931"
"1490.0";"2.751432"
"1500.0";"2.805032"
"1510.0";"2.766935"
"1520.0";"2.73572"
"1530.0";"2.849043"
"1540.0";"2.821914"
"1550.0";"2.848571"
"1560.0";"2.905463"
"1570.0";"2.884705"
"1580.0";"2.939288"
"1590.0";"2.899962"
"1600.0";"2.973079"
"1610.0";"2.937083"
"1620.0";"2.941072"
"1630.0";"3.017096"
"1640.0";"2.931949"
"1650.0";"2.975987"
"1660.0";"2.996647"
"1670.0";"2.981316"
"1680.0";"3.013682"
"1690.0";"2.934859"
"1700.0";"2.93959"
"1710.0";"2.901239"
"1720.0";"3.037136"
"1730.0";"3.085965"
"1740.0";"3.245501"
"1750.0";"3.282957"
"1760.0";"3.099554"
"1770.0";"3.258378"
"1780.0";"3.264669"
"1790.0";"3.304869"
"1800.0";"3.296086"
"1810.0";"3.214468"
"1820.0";"3.288171"
"1830.0";"3.265331"
"1840.0";"3.305677"
"1850.0";"3.387175"
"1860.0";"3.352468"
"1870.0";"3.326663"
"1880.0";"3.344265"
"1890.0";"3.334689"
"1900.0";"3.129628"
"1910.0";"3.209653"
"1920.0";"3.173618"
"1930.0";"3.255955"
"1940.0";"3.276188"
"1950.0";"3.232014"
"1960.0";"3.213248"
"1970.0";"3.234444"
"1980.0";"3.277643"
"1990.0";"3.203305"
"2000.0";"3.238634"
"2010.0";"3.233989"
"2020.0";"3.220064"
"2030.0";"3.349691"
"2040.0";"3.265398"
"2050.0";"3.302241"
"2060.0";"3.187481"
"2070.0";"3.182686"
"2080.0";"3.24696"
"2090.0";"3.276489"
"2100.0";"3.31696"
"2110.0";"3.225937"
"2120.0";"3.335711"
"2130.0";"3.292301"
"2140.0";"3.259037"
"2150.0";"3.337296"
"2160.0";"3.350706"
"2170.0";"3.360478"
"2180.0";"3.306716"
"2190.0";"3.34649"
"2200.0";"3.364784"
"2210.0";"3.130345"
"2220.0";"3.334127"
"2230.0";"3.357835"
"2240.0";"3.344702"
"2250.0";"3.387295"
"2260.0";"3.387161"
"2270.0";"3.278727"
"2280.0";"3.341066"
"2290.0";"3.4123"
"2300.0";"3.312103"
"2310.0";"3.376873"
"2320.0";"3.360167"
"2330.0";"3.185715"
"2340.0";"3.246713"
"2350.0";"3.208518"
"2360.0";"3.168865"
"2370.0";"3.244622"
"2380.0";"3.221962"
"2390.0";"3.329986"
"2400.0";"3.18407"
"2410.0";"3.197463"
"2420.0";"3.135888"
"2430.0";"3.294724"
"2440.0";"3.231441"
"2450.0";"3.091875"
"2460.0";"3.234663"
"2470.0";"3.234082"
"2480.0";"3.254326"
"2490.0";"3.20887"
"2500.0";"3.260229"
"2510.0";"3.298125"
"2520.0";"3.154744"
"2530.0";"3.246433"
"2540.0";"3.168065"
"2550.0";"3.235266"
"2560.0";"3.264097"
"2570.0";"3.175188"
"2580.0";"3.324352"
"2590.0";"3.277469"
"2600.0";"3.296479"
"2610.0";"3.25698"
"2620.0";"3.251703"
"2630.0";"3.266292"
"2640.0";"3.254864"
"2650.0";"3.237784"
"2660.0";"3.250077"
"2670.0";"3.252359"
"2680.0";"3.221505"
"2690.0";"3.27681"
"2700.0";"3.316301"
"2710.0";"3.236102"
"2720.0";"3.232798"
"2730.0";"3.339948"
"2740.0";"3.26399"
"2750.0";"3.25693"
"2760.0";"3.145204"
"2770.0";"3.165467"
"2780.0";"3.060435"
"2790.0";"3.091637"
"2800.0";"3.039186"
"2810.0";"3.156662"
"2820.0";"3.072706"
"2830.0";"3.05012"
"2840.0";"2.958093"
"2850.0";"2.832086"
"2860.0";"2.915755"
"2870.0";"2.880853"
"2880.0";"2.756704"
"2890.0";"2.823853"
"2900.0";"2.79782"
"2910.0";"2.777079"
"2920.0";"2.944117"
"2930.0";"2.96815"
"2940.0";"3.120627"
"2950.0";"3.090854"
"2960.0";"3.090837"
"2970.0";"3.183496"
"2980.0";"3.208177"
"2990.0";"3.057096"
"3000.0";"3.227613"
"3010.0";"3.410177"
"3020.0";"3.28517"
"3030.0";"3.194368"
"3040.0";"3.321465"
"3050.0";"3.459991"
"3060.0";"3.427284"
"3070.0";"3.561525"
"3080.0";"3.464127"
"3090.0";"3.41548"
"3100.0";"3.465705"
"3110.0";"3.47618"
"3120.0";"3.378543"
"3130.0";"3.400947"
"3140.0";"3.455578"
"3150.0";"3.458073"
"3160.0";"3.511232"
"3170.0";"3.578054"
"3180.0";"3.421708"
"3190.0";"3.505354"
"3200.0";"3.355064"
"3210.0";"3.478971"
"3220.0";"3.384425"
"3230.0";"3.257632"
"3240.0";"3.306251"
"3250.0";"3.185079"
"3260.0";"3.167258"
"3270.0";"3.372439"
"3280.0";"3.192788"
"3290.0";"3.236597"
"3300.0";"3.244465"
"3310.0";"3.204138"
"3320.0";"3.346271"
"3330.0";"3.327916"
"3340.0";"3.423202"
"3350.0";"3.330882"
"3360.0";"3.239868"
"3370.0";"3.248138"
"3380.0";"3.265322"
"3390.0";"3.248724"
"3400.0";"3.312112"
"3410.0";"3.175095"
"3420.0";"3.06665"
"3430.0";"3.110022"
"3440.0";"3.182842"
"3450.0";"3.090126"
"3460.0";"3.345434"
"3470.0";"3.189036"
"3480.0";"3.004294"
"3490.0";"3.169553"
"3500.0";"3.238763"
"3510.0";"3.016595"
"3520.0";"3.066388"
"3530.0";"2.904723"
"3540.0";"2.884959"
"3550.0";"3.110525"
"3560.0";"3.213523"
"3570.0";"3.117186"
"3580.0";"3.040618"
"3590.0";"2.964781"
"3600.0";"2.898254"
"3610.0";"2.86839"
"3620.0";"2.811758"
"3630.0";"2.950977"
"3640.0";"3.038673"
"3650.0";"3.057353"
"3660.0";"3.111348"
"3670.0";"2.954034"
"3680.0";"2.919743"
"3690.0";"2.900313"
"3700.0";"2.779344"
"3710.0";"2.857183"
"3720.0";"2.575149"
"3730.0";"2.612911"
"3740.0";"2.770798"
"3750.0";"2.610153"
"3760.0";"2.606364"
"3770.0";"2.777014"
"3780.0";"2.669113"
"3790.0";"2.745921"
"3800.0";"2.669357"
"3810.0";"2.757184"
"3820.0";"2.748878"
"3830.0";"2.834305"
"3840.0";"2.860494"
"3850.0";"2.76685"
"3860.0";"2.936895"
"3870.0";"2.981223"
"3880.0";"2.978755"
"3890.0";"3.015316"
"3900.0";"3.043902"
"3910.0";"3.208361"
"3920.0";"3.114029"
"3930.0";"3.118893"
"3940.0";"3.096399"
"3950.0";"2.999705"
"3960.0";"2.960854"
"3970.0";"2.952757"
"3980.0";"2.827258"
"3990.0";"2.658046"
"4000.0";"2.74057"
"4010.0";"2.967136"
"4020.0";"2.871031"
"4030.0";"3.072742"
"4040.0";"2.972442"
"4050.0";"2.877799"
"4060.0";"2.83623"
"4070.0";"2.764989"
"4080.0";"2.775926"
"4090.0";"2.710479"
"4100.0";"2.682564"
"4110.0";"2.594057"
"4120.0";"2.640638"
"4130.0";"2.701707"
"4140.0";"2.620997"
"4150.0";"2.585816"
"4160.0";"2.779556"
"4170.0";"2.82357"
"4180.0";"2.818128"
"4190.0";"2.790623"
"4200.0";"2.651558"
"4210.0";"2.535267"
"4220.0";"2.602307"
"4230.0";"2.48962"
"4240.0";"2.659692"
"4250.0";"2.669176"
"4260.0";"2.77249"
"4270.0";"2.762432"
"4280.0";"2.80975"
"4290.0";"2.724738"
"4300.0";"2.775374"
"4310.0";"2.803654"
"4320.0";"2.926049"
"4330.0";"2.9139"
"4340.0";"2.902547"
"4350.0";"2.8495"
"4360.0";"2.87294"
"4370.0";"2.999835"
"4380.0";"2.994598"
"4390.0";"3.043584"
"4400.0";"3.060906"
"4410.0";"3.162832"
"4420.0";"3.05806"
"4430.0";"2.921715"
"4440.0";"2.927752"
"4450.0";"2.881438"
"4460.0";"2.776233"
"4470.0";"2.921277"
"4480.0";"3.073073"
"4490.0";"2.80469"
"4500.0";"2.742103"
"4510.0";"2.761808"
"4520.0";"2.771492"
"4530.0";"2.833237"
"4540.0";"2.824032"
"4550.0";"2.67455"
"4560.0";"2.72113"
"4570.0";"2.611359"
"4580.0";"2.608592"
"4590.0";"2.582481"
"4600.0";"2.501054"
"4610.0";"2.584746"
"4620.0";"2.550539"
"4630.0";"2.694076"
"4640.0";"2.710116"
"4650.0";"2.748985"
"4660.0";"2.763661"
"4670.0";"2.809032"
"4680.0";"2.816052"
"4690.0";"2.969413"
"4700.0";"2.954208"
"4710.0";"2.756391"
"4720.0";"2.958766"
"4730.0";"2.873922"
"4740.0";"2.876257"
"4750.0";"2.951738"
"4760.0";"2.99646"
"4770.0";"2.948261"
"4780.0";"2.875273"
"4790.0";"2.82538"
"4800.0";"2.852992"
"4810.0";"2.885791"
"4820.0";"2.824652"
"4830.0";"2.814398"
"4840.0";"2.752841"
"4850.0";"2.871225"
"4860.0";"2.909735"
"4870.0";"2.883211"
"4880.0";"2.878705"
"4890.0";"2.810288"
"4900.0";"2.730067"
"4910.0";"2.680312"
"4920.0";"2.67643"
"4930.0";"2.697459"
"4940.0";"2.70659"
"4950.0";"2.657514"
"4960.0";"2.733709"
"4970.0";"2.838529"
"4980.0";"2.814036"
"4990.0";"2.827223"
"5000.0";"2.860593"
"5010.0";"2.80253"
"5020.0";"2.583522"
"5030.0";"2.524938"
"5040.0";"2.543276"
"5050.0";"2.657728"
"5060.0";"2.597121"
"5070.0";"2.657395"
"5080.0";"2.601939"
"5090.0";"2.798299"
"5100.0";"2.684616"
"5110.0";"2.524305"
"5120.0";"2.531355"
"5130.0";"2.599747"
"5140.0";"2.54846"
"5150.0";"2.689474"
"5160.0";"2.687686"
"5170.0";"2.690331"
"5180.0";"2.555636"
"5190.0";"2.664049"
"5200.0";"2.599076"
"5210.0";"2.682033"
"5220.0";"2.602973"
"5230.0";"2.569287"
"5240.0";"2.592502"
"5250.0";"2.488624"
"5260.0";"2.492559"
"5270.0";"2.531751"
"5280.0";"2.59222"
"5290.0";"2.576865"
"5300.0";"2.62812"
"5310.0";"2.560279"
"5320.0";"2.492351"
"5330.0";"2.432904"
"5340.0";"2.551671"
"5350.0";"2.561229"
"5360.0";"2.44804"
"5370.0";"2.494367"
"5380.0";"2.394066"
"5390.0";"2.406924"
"5400.0";"2.448032"
"5410.0";"2.405506"
"5420.0";"2.488919"
"5430.0";"2.628362"
"5440.0";"2.533928"
"5450.0";"2.54475"
"5460.0";"2.601413"
"5470.0";"2.530674"
"5480.0";"2.57765"
"5490.0";"2.611814"
"5500.0";"2.591452"
"5510.0";"2.71777"
"5520.0";"2.506392"
"5530.0";"2.524107"
"5540.0";"2.583507"
"5550.0";"2.670924"
"5560.0";"2.78601"
"5570.0";"2.798798"
"5580.0";"2.664913"
"5590.0";"2.754754"
"5600.0";"2.789824"
"5610.0";"2.748559"
"5620.0";"2.84639"
"5630.0";"2.764825"
"5640.0";"2.637572"
"5650.0";"2.582316"
"5660.0";"2.55583"
"5670.0";"2.679545"
"5680.0";"2.59668"
"5690.0";"2.479033"
"5700.0";"2.593138"
"5710.0";"2.498339"
"5720.0";"2.563407"
"5730.0";"2.619019"
"5740.0";"2.510284"
"5750.0";"2.585181"
"5760.0";"2.666628"
"5770.0";"2.639416"
"5780.0";"2.801248"
"5790.0";"2.755816"
"5800.0";"2.696227"
"5810.0";"2.643627"
"5820.0";"2.698938"
"5830.0";"2.636201"
"5840.0";"2.529033"
"5850.0";"2.590718"
"5860.0";"2.479387"
"5870.0";"2.63711"
"5880.0";"2.454775"
"5890.0";"2.595297"
"5900.0";"2.660558"
"5910.0";"2.632139"
"5920.0";"2.622173"
"5930.0";"2.627346"
"5940.0";"2.657804"
"5950.0";"2.516387"
"5960.0";"2.643837"
"5970.0";"2.713706"
"5980.0";"2.738233"
"5990.0";"2.647777"
"6000.0";"2.79506"
"6010.0";"2.754735"
"6020.0";"2.728877"
"6030.0";"2.871958"
"6040.0";"2.887799"
"6050.0";"2.855839"
"6060.0";"2.868873"
"6070.0";"3.034544"
"6080.0";"2.991788"
"6090.0";"2.797033"
"6100.0";"2.952568"
"6110.0";"2.898946"
"6120.0";"2.815223"
"6130.0";"2.870287"
"6140.0";"2.852667"
"6150.0";"2.921664"
"6160.0";"2.91443"
"6170.0";"2.892757"
"6180.0";"2.780002"
"6190.0";"2.746413"
"6200.0";"2.810863"
"6210.0";"2.840319"
"6220.0";"2.8084"
"6230.0";"2.801682"
"6240.0";"2.823774"
"6250.0";"2.920882"
"6260.0";"2.842944"
"6270.0";"2.828659"
"6280.0";"2.80416"
"6290.0";"2.712653"
"6300.0";"2.760364"
"6310.0";"2.76237"
"6320.0";"2.863995"
"6330.0";"2.908035"
"6340.0";"2.853041"
"6350.0";"2.930577"
"6360.0";"2.850605"
"6370.0";"2.940745"
"6380.0";"2.928219"
"6390.0";"2.87668"
"6400.0";"2.791251"
"6410.0";"2.718931"
"6420.0";"2.886893"
"6430.0";"2.825159"
"6440.0";"2.755574"
"6450.0";"2.89489"
"6460.0";"2.741369"
"6470.0";"2.740187"
"6480.0";"2.71649"
"6490.0";"2.808173"
"6500.0";"2.812668"
"6510.0";"2.757272"
"6520.0";"2.865685"
"6530.0";"2.908286"
"6540.0";"2.850666"
"6550.0";"2.878779"
"6560.0";"2.762486"
"6570.0";"2.824907"
"6580.0";"2.838206"
"6590.0";"2.835062"
"6600.0";"2.874174"
"6610.0";"2.804373"
"6620.0";"2.90005"
"6630.0";"2.856876"
"6640.0";"2.888407"
"6650.0";"2.81521"
"6660.0";"2.931264"
"6670.0";"2.879857"
"6680.0";"2.817363"
"6690.0";"2.853285"
"6700.0";"2.804877"
"6710.0";"2.920295"
"6720.0";"2.900883"
"6730.0";"2.821537"
"6740.0";"2.864933"
"6750.0";"2.831213"
"6760.0";"2.815281"
"6770.0";"2.798764"
"6780.0";"2.772538"
"6790.0";"2.813775"
"6800.0";"2.739125"
"6810.0";"2.822609"
"6820.0";"2.861942"
"6830.0";"2.746433"
"6840.0";"2.762876"
"6850.0";"2.728822"
"6860.0";"2.727049"
"6870.0";"2.773485"
"6880.0";"2.755362"
"6890.0";"2.840986"
"6900.0";"2.844871"
"6910.0";"2.894204"
"6920.0";"2.860429"
"6930.0";"2.86613"
"6940.0";"2.759622"
"6950.0";"2.836798"
"6960.0";"2.827731"
"6970.0";"2.751386"
"6980.0";"2.802491"
"6990.0";"2.744313"
"7000.0";"2.669459"
"7010.0";"2.773755"
"7020.0";"2.680745"
"7030.0";"2.751532"
"7040.0";"2.733465"
"7050.0";"2.66663"
"7060.0";"2.717335"
"7070.0";"2.639267"
"7080.0";"2.715636"
"7090.0";"2.652966"
"7100.0";"2.749677"
"7110.0";"2.722056"
"7120.0";"2.766888"
"7130.0";"2.701391"
"7140.0";"2.72445"
"7150.0";"2.819734"
"7160.0";"2.896246"
"7170.0";"2.806375"
"7180.0";"2.846875"
"7190.0";"2.84906"
"7200.0";"2.808011"
"7210.0";"2.817952"
"7220.0";"2.700182"
"7230.0";"2.79215"
"7240.0";"2.748765"
"7250.0";"2.756957"
"7260.0";"2.823891"
"7270.0";"2.950678"
"7280.0";"2.882668"
"7290.0";"2.902301"
"7300.0";"2.793221"
"7310.0";"2.861243"
"7320.0";"2.939583"
"7330.0";"2.883139"
"7340.0";"2.844498"
"7350.0";"2.819788"
"7360.0";"2.849531"
"7370.0";"2.914542"
"7380.0";"2.880065"
"7390.0";"2.905306"
"7400.0";"3.018458"
"7410.0";"2.825131"
"7420.0";"2.911837"
"7430.0";"2.932549"
"7440.0";"2.880177"
"7450.0";"2.839082"
"7460.0";"2.858582"
"7470.0";"2.849122"
"7480.0";"2.907765"
"7490.0";"2.876872"
"7500.0";"2.838535"
"7510.0";"2.846637"
"7520.0";"2.909678"
"7530.0";"2.803631"
"7540.0";"2.929769"
"7550.0";"2.812133"
"7560.0";"2.896919"
"7570.0";"2.7456"
"7580.0";"2.908461"
"7590.0";"2.81866"
"7600.0";"2.932458"
"7610.0";"2.94978"
"7620.0";"2.953701"
"7630.0";"2.878628"
"7640.0";"2.941461"
"7650.0";"2.852978"
"7660.0";"2.915437"
"7670.0";"2.857676"
"7680.0";"2.925026"
"7690.0";"2.898329"
"7700.0";"2.921246"
"7710.0";"2.937507"
"7720.0";"2.947953"
"7730.0";"2.909574"
"7740.0";"2.872963"
"7750.0";"2.888814"
"7760.0";"2.803792"
"7770.0";"2.94675"
"7780.0";"2.914748"
"7790.0";"2.88669"
"7800.0";"2.60522"
"7810.0";"2.729623"
"7820.0";"2.558478"
"7830.0";"2.65295"
"7840.0";"2.758101"
"7850.0";"2.759137"
"7860.0";"2.878315"
"7870.0";"2.829613"
"7880.0";"2.882695"
"7890.0";"2.827101"
"7900.0";"2.623771"
"7910.0";"2.694337"
"7920.0";"2.628911"
"7930.0";"2.723724"
"7940.0";"2.611771"
"7950.0";"2.785592"
"7960.0";"2.704039"
"7970.0";"2.779073"
"7980.0";"2.815413"
"7990.0";"2.824881"
"8000.0";"2.876554"
"8010.0";"2.853914"
"8020.0";"2.864989"
"8030.0";"2.878762"
"8040.0";"2.936771"
"8050.0";"2.888036"
"8060.0";"2.9206"
"8070.0";"2.93563"
"8080.0";"2.991824"
"8090.0";"2.937963"
"8100.0";"2.892767"
"8110.0";"2.865736"
"8120.0";"2.83215"
"8130.0";"2.956844"
"8140.0";"2.96264"
"8150.0";"2.84736"
"8160.0";"2.853901"
"8170.0";"2.898729"
"8180.0";"2.887414"
"8190.0";"2.835829"
"8200.0";"2.985044"
"8210.0";"2.855681"
"8220.0";"2.792975"
"8230.0";"2.844839"
"8240.0";"2.826"
"8250.0";"2.845595"
"8260.0";"2.763677"
"8270.0";"2.791995"
"8280.0";"2.841726"
"8290.0";"2.776097"
"8300.0";"2.854159"
"8310.0";"2.831374"
"8320.0";"2.832731"
"8330.0";"2.815764"
"8340.0";"2.956187"
"8350.0";"3.013595"
"8360.0";"3.007724"
"8370.0";"3.044369"
"8380.0";"2.856185"
"8390.0";"2.840885"
"8400.0";"2.73093"
"8410.0";"2.767951"
"8420.0";"2.760036"
"8430.0";"2.876853"
"8440.0";"2.76534"
"8450.0";"2.800945"
"8460.0";"2.676825"
"8470.0";"2.543276"
"8480.0";"2.551001"
"8490.0";"2.441027"
"8500.0";"2.557923"
"8510.0";"2.630893"
"8520.0";"2.554934"
"8530.0";"2.586231"
"8540.0";"2.693816"
"8550.0";"2.553932"
"8560.0";"2.539623"
"8570.0";"2.619701"
"8580.0";"2.572756"
"8590.0";"2.637543"
"8600.0";"2.39036"
"8610.0";"2.452763"
"8620.0";"2.542003"
"8630.0";"2.606541"
"8640.0";"2.658692"
"8650.0";"2.509137"
"8660.0";"2.571426"
"8670.0";"2.525646"
"8680.0";"2.513538"
"8690.0";"2.579587"
"8700.0";"2.56088"
"8710.0";"2.660018"
"8720.0";"2.456332"
"8730.0";"2.586903"
"8740.0";"2.639811"
"8750.0";"2.651767"
"8760.0";"2.693223"
"8770.0";"2.827467"
"8780.0";"2.716316"
"8790.0";"2.711623"
"8800.0";"2.884852"
"8810.0";"2.775383"
"8820.0";"2.949798"
"8830.0";"2.79541"
"8840.0";"2.721981"
"8850.0";"2.679485"
"8860.0";"2.734571"
"8870.0";"2.58898"
"8880.0";"2.674767"
"8890.0";"2.861641"
"8900.0";"2.972107"
"8910.0";"3.056212"
"8920.0";"3.021709"
"8930.0";"2.980827"
"8940.0";"3.107116"
"8950.0";"3.038808"
"8960.0";"3.093282"
"8970.0";"2.963434"
"8980.0";"2.709317"
"8990.0";"2.920389"
"9000.0";"2.958829"
"9010.0";"3.066506"
"9020.0";"3.113526"
"9030.0";"3.026781"
"9040.0";"2.919145"
"9050.0";"2.801943"
"9060.0";"2.881657"
"9070.0";"3.030245"
"9080.0";"2.834853"
"9090.0";"2.938954"
"9100.0";"3.002575"
"9110.0";"2.976623"
"9120.0";"3.000548"
"9130.0";"3.037011"
"9140.0";"2.82662"
"9150.0";"2.943886"
"9160.0";"2.871682"
"9170.0";"2.865222"
"9180.0";"2.735921"
"9190.0";"3.104543"
"9200.0";"3.110246"
"9210.0";"3.102501"
"9220.0";"2.99763"
"9230.0";"3.008652"
"9240.0";"2.962404"
"9250.0";"2.749465"
"9260.0";"2.786209"
"9270.0";"2.79404"
"9280.0";"2.734798"
"9290.0";"2.765471"
"9300.0";"2.753556"
"9310.0";"2.768083"
"9320.0";"2.77189"
"9330.0";"2.849065"
"9340.0";"2.855237"
"9350.0";"2.903001"
"9360.0";"2.821351"
"9370.0";"2.950151"
"9380.0";"2.988235"
"9390.0";"2.875909"
"9400.0";"2.865022"
"9410.0";"2.814993"
"9420.0";"2.908977"
"9430.0";"2.933048"
"9440.0";"2.923723"
"9450.0";"2.886873"
"9460.0";"2.90191"
"9470.0";"3.004058"
"9480.0";"2.905541"
"9490.0";"2.918547"
"9500.0";"2.875086"
"9510.0";"2.818552"
"9520.0";"2.878375"
"9530.0";"2.807856"
"9540.0";"2.757102"
"9550.0";"2.682081"
"9560.0";"2.863843"
"9570.0";"2.793247"
"9580.0";"2.984983"
"9590.0";"2.824025"
"9600.0";"2.80516"
"9610.0";"2.882385"
"9620.0";"2.74964"
"9630.0";"2.913368"
"9640.0";"2.777385"
"9650.0";"2.764432"
"9660.0";"2.715695"
"9670.0";"2.71928"
"9680.0";"2.842601"
"9690.0";"2.826068"
"9700.0";"2.688903"
"9710.0";"2.870884"
"9720.0";"2.925793"
"9730.0";"2.969901"
"9740.0";"2.913597"
"9750.0";"2.828559"
"9760.0";"2.989444"
"9770.0";"2.945318"
"9780.0";"2.960816"
"9790.0";"3.024467"
"9800.0";"3.053961"
"9810.0";"3.019361"
"9820.0";"2.999563"
"9830.0";"2.990256"
"9840.0";"2.936982"
"9850.0";"3.020491"
"9860.0";"3.059511"
"9870.0";"3.048695"
"9880.0";"2.94529"
"9890.0";"2.929737"
"9900.0";"2.883647"
"9910.0";"2.913962"
"9920.0";"2.948399"
"9930.0";"3.034783"
"9940.0";"3.006623"
"9950.0";"2.977829"
"9960.0";"2.980282"
"9970.0";"2.912994"
"9980.0";"2.909612"
"9990.0";"2.916934"
"10000.0";"2.90482"
"10010.0";"2.865826"
"10020.0";"2.940354"
"10030.0";"2.935111"
"10040.0";"2.904235"
"10050.0";"2.912914"
"10060.0";"2.904802"
"10070.0";"2.859063"
"10080.0";"2.855809"
"10090.0";"2.846619"
"10100.0";"2.759229"
"10110.0";"2.812007"
"10120.0";"2.890635"
"10130.0";"2.978093"
"10140.0";"2.881757"
"10150.0";"2.821453"
"10160.0";"2.872964"
"10170.0";"2.761876"
"10180.0";"2.878807"
"10190.0";"2.759932"
"10200.0";"2.883031"
"10210.0";"2.889888"
"10220.0";"2.935524"
"10230.0";"2.975261"
"10240.0";"2.999518"
"10250.0";"2.788922"
"10260.0";"2.89299"
"10270.0";"2.870063"
"10280.0";"2.920396"
"10290.0";"2.943287"
"10300.0";"2.99208"
"10310.0";"2.939083"
"10320.0";"2.966938"
"10330.0";"2.951381"
"10340.0";"2.924894"
"10350.0";"2.764346"
"10360.0";"2.772726"
"10370.0";"2.738881"
"10380.0";"2.681743"
"10390.0";"2.741877"
"10400.0";"2.735111"
"10410.0";"2.67836"
"10420.0";"2.614436"
"10430.0";"2.650631"
"10440.0";"2.811813"
"10450.0";"2.761169"
"10460.0";"2.852991"
"10470.0";"2.800385"
"10480.0";"2.900154"
"10490.0";"2.861441"
"10500.0";"2.944422"
"10510.0";"2.882733"
"10520.0";"2.719736"
"10530.0";"2.780895"
"10540.0";"2.707371"
"10550.0";"2.739998"
"10560.0";"2.683163"
"10570.0";"2.723143"
"10580.0";"2.720596"
"10590.0";"2.630036"
"10600.0";"2.669284"
"10610.0";"2.685524"
"10620.0";"2.76869"
"10630.0";"2.733913"
"10640.0";"2.747409"
"10650.0";"2.609387"
"10660.0";"2.613444"
"10670.0";"2.632787"
"10680.0";"2.764221"
"10690.0";"2.654327"
"10700.0";"2.752697"
"10710.0";"2.746784"
"10720.0";"2.591559"
"10730.0";"2.608412"
"10740.0";"2.705907"
"10750.0";"2.651672"
"10760.0";"2.634652"
"10770.0";"2.689839"
"10780.0";"2.698663"
"10790.0";"2.657912"
"10800.0";"2.712881"
"10810.0";"2.717032"
"10820.0";"2.52805"
"10830.0";"2.579337"
"10840.0";"2.535512"
"10850.0";"2.679997"
"10860.0";"2.625656"
"10870.0";"2.712535"
"10880.0";"2.853879"
"10890.0";"2.845813"
"10900.0";"2.760708"
"10910.0";"2.751719"
"10920.0";"2.737001"
"10930.0";"2.723957"
"10940.0";"2.676537"
"10950.0";"2.653454"
"10960.0";"2.580834"
"10970.0";"2.491318"
"10980.0";"2.457624"
"10990.0";"2.63929"
"11000.0";"2.356494"
"11010.0";"2.332976"
"11020.0";"2.323973"
"11030.0";"2.319467"
"11040.0";"2.310275"
"11050.0";"2.287174"
"11060.0";"2.261935"
"11070.0";"2.304092"
"11080.0";"2.3224"
"11090.0";"2.260827"
"11100.0";"2.342116"
"11110.0";"2.321528"
"11120.0";"2.302235"
"11130.0";"2.3517"
"11140.0";"2.323583"
"11150.0";"2.372707"
"11160.0";"2.336113"
"11170.0";"2.360336"
"11180.0";"2.326042"
"11190.0";"2.393358"
"11200.0";"2.307578"
"11210.0";"2.278963"
"11220.0";"2.291764"
"11230.0";"2.285519"
"11240.0";"2.27789"
"11250.0";"2.320936"
"11260.0";"2.402902"
"11270.0";"2.392313"
"11280.0";"2.317458"
"11290.0";"2.29984"
"11300.0";"2.32443"
"11310.0";"2.328688"
"11320.0";"2.306125"
"11330.0";"2.359742"
"11340.0";"2.345389"
"11350.0";"2.308063"
"11360.0";"2.290491"
"11370.0";"2.281137"
"11380.0";"2.250723"
"11390.0";"2.342363"
"11400.0";"2.296286"
"11410.0";"2.322125"
"11420.0";"2.422989"
"11430.0";"2.278485"
"11440.0";"2.346902"
"11450.0";"2.280885"
"11460.0";"2.236077"
"11470.0";"2.25566"
"11480.0";"2.265482"
"11490.0";"2.211702"
"11500.0";"2.338392"
"11510.0";"2.273844"
"11520.0";"2.221285"
"11530.0";"2.189348"
"11540.0";"2.266593"
"11550.0";"2.284364"
"11560.0";"2.155288"
"11570.0";"2.179826"
"11580.0";"2.131102"
"11590.0";"2.138295"
"11600.0";"2.149858"
"11610.0";"2.182446"
"11620.0";"2.226986"
"11630.0";"2.122705"
"11640.0";"2.203978"
"11650.0";"2.137012"
"11660.0";"2.119459"
"11670.0";"2.230956"
"11680.0";"2.018529"
"11690.0";"2.186137"
"11700.0";"2.163528"
"11710.0";"2.165625"
"11720.0";"2.08046"
"11730.0";"1.973293"
"11740.0";"1.963429"
"11750.0";"1.989899"
"11760.0";"1.965209"
"11770.0";"2.00486"
"11780.0";"2.066807"
"11790.0";"2.031739"
"11800.0";"2.047915"
"11810.0";"2.218635"
"11820.0";"2.366312"
"11830.0";"2.376126"
"11840.0";"2.223735"
"11850.0";"2.361056"
"11860.0";"2.343993"
"11870.0";"2.183206"
"11880.0";"2.367949"
"11890.0";"2.381906"
"11900.0";"2.31884"
"11910.0";"2.258346"
"11920.0";"2.259553"
"11930.0";"2.34057"
"11940.0";"2.382461"
"11950.0";"2.404929"
"11960.0";"2.296351"
"11970.0";"2.321802"
"11980.0";"2.256996"
"11990.0";"2.267351"
"12000.0";"2.333295"
"12010.0";"2.36637"
"12020.0";"2.248892"
"12030.0";"2.164952"
"12040.0";"2.279072"
"12050.0";"2.394502"
"12060.0";"2.309136"
"12070.0";"2.295085"
"12080.0";"2.268588"
"12090.0";"2.303296"
"12100.0";"2.332553"
"12110.0";"2.228862"
"12120.0";"2.214378"
"12130.0";"2.133628"
"12140.0";"2.175644"
"12150.0";"2.124455"
"12160.0";"2.181526"
"12170.0";"2.192079"
"12180.0";"2.135732"
"12190.0";"2.158878"
"12200.0";"2.087306"
"12210.0";"2.156248"
"12220.0";"2.155799"
"12230.0";"2.134579"
"12240.0";"2.078471"
"12250.0";"2.047013"
"12260.0";"2.151147"
"12270.0";"2.074825"
"12280.0";"2.212029"
"12290.0";"2.130928"
"12300.0";"2.155913"
"12310.0";"2.140485"
"12320.0";"2.16129"
"12330.0";"2.215153"
"12340.0";"2.225647"
"12350.0";"2.181695"
"12360.0";"2.13954"
"12370.0";"2.249589"
"12380.0";"2.250158"
"12390.0";"2.320973"
"12400.0";"2.215735"
"12410.0";"2.131547"
"12420.0";"2.004635"
"12430.0";"1.965407"
"12440.0";"2.023351"
"12450.0";"1.966238"
"12460.0";"1.993767"
"12470.0";"2.080881"
"12480.0";"2.221917"
"12490.0";"2.129406"
"12500.0";"2.17887"
"12510.0";"2.185078"
"12520.0";"2.136893"
"12530.0";"2.1167"
"12540.0";"2.130004"
"12550.0";"2.108292"
"12560.0";"2.166682"
"12570.0";"2.154585"
"12580.0";"2.100754"
"12590.0";"2.182719"
"12600.0";"2.12939"
"12610.0";"2.133801"
"12620.0";"2.181529"
"12630.0";"2.100888"
"12640.0";"2.135507"
"12650.0";"2.039119"
"12660.0";"2.035857"
"12670.0";"2.14936"
"12680.0";"2.072253"
"12690.0";"2.061079"
"12700.0";"2.073876"
"12710.0";"2.166628"
"12720.0";"2.149998"
"12730.0";"2.045852"
"12740.0";"2.061166"
"12750.0";"2.032411"
"12760.0";"2.018509"
"12770.0";"2.138803"
"12780.0";"2.121051"
"12790.0";"2.185912"
"12800.0";"2.139264"
"12810.0";"2.017033"
"12820.0";"2.043036"
"12830.0";"2.193321"
"12840.0";"2.062266"
"12850.0";"2.111376"
"12860.0";"2.119977"
"12870.0";"2.131804"
"12880.0";"2.102908"
"12890.0";"2.073521"
"12900.0";"2.034137"
"12910.0";"1.978831"
"12920.0";"2.070378"
"12930.0";"2.071212"
"12940.0";"2.033804"
"12950.0";"2.028137"
"12960.0";"2.09835"
"12970.0";"2.137561"
"12980.0";"2.193581"
"12990.0";"2.099809"
"13000.0";"2.128102"
"13010.0";"2.126174"
"13020.0";"2.159519"
"13030.0";"2.188655"
"13040.0";"2.083582"
"13050.0";"2.095572"
"13060.0";"2.169161"
"13070.0";"2.227415"
"13080.0";"2.252087"
"13090.0";"2.354575"
"13100.0";"2.383087"
"13110.0";"2.305047"
"13120.0";"2.373557"
"13130.0";"2.34212"
"13140.0";"2.383899"
"13150.0";"2.396125"
"13160.0";"2.417119"
"13170.0";"2.356349"
"13180.0";"2.388691"
"13190.0";"2.37069"
"13200.0";"2.34508"
"13210.0";"2.345732"
"13220.0";"2.350075"
"13230.0";"2.432359"
"13240.0";"2.501274"
"13250.0";"2.600408"
"13260.0";"2.525223"
"13270.0";"2.540878"
"13280.0";"2.419943"
"13290.0";"2.401585"
"13300.0";"2.450042"
"13310.0";"2.327781"
"13320.0";"2.434131"
"13330.0";"2.422715"
"13340.0";"2.488785"
"13350.0";"2.530053"
"13360.0";"2.421555"
"13370.0";"2.25839"
"13380.0";"2.261911"
"13390.0";"2.378385"
"13400.0";"2.297287"
"13410.0";"2.443617"
"13420.0";"2.451402"
"13430.0";"2.484513"
"13440.0";"2.600058"
"13450.0";"2.608253"
"13460.0";"2.580652"
"13470.0";"2.543783"
"13480.0";"2.57232"
"13490.0";"2.532252"
"13500.0";"2.435027"
"13510.0";"2.509625"
"13520.0";"2.43531"
"13530.0";"2.393535"
"13540.0";"2.502946"
"13550.0";"2.408467"
"13560.0";"2.519324"
"13570.0";"2.31732"
"13580.0";"2.367702"
"13590.0";"2.562112"
"13600.0";"2.567945"
"13610.0";"2.464024"
"13620.0";"2.484817"
"13630.0";"2.624736"
"13640.0";"2.688695"
"13650.0";"2.62829"
"13660.0";"2.500817"
"13670.0";"2.444743"
"13680.0";"2.578378"
"13690.0";"2.456209"
"13700.0";"2.465009"
"13710.0";"2.470139"
"13720.0";"2.386026"
"13730.0";"2.453861"
"13740.0";"2.46639"
"13750.0";"2.47641"
"13760.0";"2.424863"
"13770.0";"2.421973"
"13780.0";"2.503026"
"13790.0";"2.460282"
"13800.0";"2.452757"
"13810.0";"2.530792"
"13820.0";"2.454966"
"13830.0";"2.561701"
"13840.0";"2.510561"
"13850.0";"2.491132"
"13860.0";"2.541899"
"13870.0";"2.497241"
"13880.0";"2.529967"
"13890.0";"2.408854"
"13900.0";"2.597091"
"13910.0";"2.529546"
"13920.0";"2.480003"
"13930.0";"2.519786"
"13940.0";"2.46139"
"13950.0";"2.541488"
"13960.0";"2.483865"
"13970.0";"2.406356"
"13980.0";"2.380299"
"13990.0";"2.437784"
"14000.0";"2.440269"
"14010.0";"2.554156"
"14020.0";"2.41729"
"14030.0";"2.45596"
"14040.0";"2.466825"
"14050.0";"2.54301"
"14060.0";"2.422285"
"14070.0";"2.435873"
"14080.0";"2.464875"
"14090.0";"2.356087"
"14100.0";"2.334824"
"14110.0";"2.409749"
"14120.0";"2.344972"
"14130.0";"2.334445"
"14140.0";"2.357405"
"14150.0";"2.551263"
"14160.0";"2.492528"
"14170.0";"2.451252"
"14180.0";"2.443922"
"14190.0";"2.468308"
"14200.0";"2.373111"
"14210.0";"2.368488"
"14220.0";"2.502115"
"14230.0";"2.554358"
"14240.0";"2.43249"
"14250.0";"2.380891"
"14260.0";"2.382267"
"14270.0";"2.434212"
"14280.0";"2.328484"
"14290.0";"2.342021"
"14300.0";"2.434568"
"14310.0";"2.412025"
"14320.0";"2.309852"
"14330.0";"2.258428"
"14340.0";"2.412699"
"14350.0";"2.523247"
"14360.0";"2.498026"
"14370.0";"2.502662"
"14380.0";"2.511719"
"14390.0";"2.564251"
"14400.0";"2.573648"
"14410.0";"2.565917"
"14420.0";"2.399091"
"14430.0";"2.46447"
"14440.0";"2.46656"
"14450.0";"2.532767"
"14460.0";"2.554149"
"14470.0";"2.611506"
"14480.0";"2.770663"
"14490.0";"2.689898"
"14500.0";"2.590988"
"14510.0";"2.626421"
"14520.0";"2.562463"
"14530.0";"2.620698"
"14540.0";"2.604834"
"14550.0";"2.738088"
"14560.0";"2.646913"
"14570.0";"2.677333"
"14580.0";"2.716322"
"14590.0";"2.733447"
"14600.0";"2.704979"
"14610.0";"2.787184"
"14620.0";"2.702504"
"14630.0";"2.752686"
"14640.0";"2.57662"
"14650.0";"2.620966"
"14660.0";"2.70153"
"14670.0";"2.703466"
"14680.0";"2.639676"
"14690.0";"2.679898"
"14700.0";"2.732236"
"14710.0";"2.682403"
"14720.0";"2.64009"
"14730.0";"2.617918"
"14740.0";"2.586751"
"14750.0";"2.611245"
"14760.0";"2.569082"
"14770.0";"2.56884"
"14780.0";"2.563143"
"14790.0";"2.496163"
"14800.0";"2.535703"
"14810.0";"2.524758"
"14820.0";"2.436875"
"14830.0";"2.405382"
"14840.0";"2.415966"
"14850.0";"2.425761"
"14860.0";"2.441617"
"14870.0";"2.340891"
"14880.0";"2.430824"
"14890.0";"2.621395"
"14900.0";"2.519306"
"14910.0";"2.539124"
"14920.0";"2.467222"
"14930.0";"2.454862"
"14940.0";"2.400044"
"14950.0";"2.334385"
"14960.0";"2.284307"
"14970.0";"2.164724"
"14980.0";"2.187821"
"14990.0";"2.163519"
"15000.0";"2.14856"
"15010.0";"2.124458"
"15020.0";"2.140889"
"15030.0";"2.20427"
"15040.0";"2.209451"
"15050.0";"2.203296"
"15060.0";"2.178805"
"15070.0";"2.141021"
"15080.0";"2.185554"
"15090.0";"2.183995"
"15100.0";"2.176403"
"15110.0";"2.166879"
"15120.0";"2.184236"
"15130.0";"2.241185"
"15140.0";"2.184585"
"15150.0";"2.132546"
"15160.0";"2.167665"
"15170.0";"2.190271"
"15180.0";"2.275044"
"15190.0";"2.20332"
"15200.0";"2.186749"
"15210.0";"2.18535"
"15220.0";"2.145096"
"15230.0";"2.09132"
"15240.0";"2.165271"
"15250.0";"2.153137"
"15260.0";"2.171158"
"15270.0";"2.209371"
"15280.0";"2.13761"
"15290.0";"2.220455"
"15300.0";"2.187983"
"15310.0";"2.059747"
"15320.0";"2.120161"
"15330.0";"2.222311"
"15340.0";"2.26873"
"15350.0";"2.234622"
"15360.0";"2.277436"
"15370.0";"2.259055"
"15380.0";"2.315226"
"15390.0";"2.336691"
"15400.0";"2.258113"
"15410.0";"2.242696"
"15420.0";"2.184009"
"15430.0";"2.259541"
"15440.0";"2.28297"
"15450.0";"2.229155"
"15460.0";"2.231853"
"15470.0";"2.277421"
"15480.0";"2.275874"
"15490.0";"2.193767"
"15500.0";"2.186114"
"15510.0";"2.204435"
"15520.0";"2.180749"
"15530.0";"2.155453"
"15540.0";"2.279245"
"15550.0";"2.05865"
"15560.0";"2.116176"
"15570.0";"2.12243"
"15580.0";"2.257441"
"15590.0";"2.252601"
"15600.0";"2.243058"
"15610.0";"2.307875"
"15620.0";"2.409412"
"15630.0";"2.402045"
"15640.0";"2.495123"
"15650.0";"2.591888"
"15660.0";"2.620142"
"15670.0";"2.625792"
"15680.0";"2.674218"
"15690.0";"2.685306"
"15700.0";"2.682339"
"15710.0";"2.692583"
"15720.0";"2.688357"
"15730.0";"2.682766"
"15740.0";"2.687419"
"15750.0";"2.650021"
"15760.0";"2.631844"
"15770.0";"2.659024"
"15780.0";"2.712837"
"15790.0";"2.729709"
"15800.0";"2.752759"
"15810.0";"2.767066"
"15820.0";"2.702558"
"15830.0";"2.777006"
"15840.0";"2.779084"
"15850.0";"2.66097"
"15860.0";"2.731384"
"15870.0";"2.5933"
"15880.0";"2.717858"
"15890.0";"2.616033"
"15900.0";"2.703473"
"15910.0";"2.642093"
"15920.0";"2.594546"
"15930.0";"2.64415"
"15940.0";"2.58541"
"15950.0";"2.526195"
"15960.0";"2.558555"
"15970.0";"2.675242"
"15980.0";"2.732629"
"15990.0";"2.734237"
"16000.0";"2.819433"
"16010.0";"2.785645"
"16020.0";"2.77128"
"16030.0";"2.630029"
"16040.0";"2.661815"
"16050.0";"2.619"
"16060.0";"2.674715"
"16070.0";"2.697825"
"16080.0";"2.722531"
"16090.0";"2.732502"
"16100.0";"2.68426"
"16110.0";"2.639902"
"16120.0";"2.675462"
"16130.0";"2.652502"
"16140.0";"2.712695"
"16150.0";"2.663119"
"16160.0";"2.60689"
"16170.0";"2.693821"
"16180.0";"2.712778"
"16190.0";"2.756875"
"16200.0";"2.793784"
"16210.0";"2.70014"
"16220.0";"2.65571"
"16230.0";"2.762453"
"16240.0";"2.748533"
"16250.0";"2.650664"
"16260.0";"2.679569"
"16270.0";"2.681147"
"16280.0";"2.718549"
"16290.0";"2.612845"
"16300.0";"2.666778"
"16310.0";"2.55244"
"16320.0";"2.554719"
"16330.0";"2.606378"
"16340.0";"2.676398"
"16350.0";"2.572446"
"16360.0";"2.639251"
"16370.0";"2.693074"
"16380.0";"2.668992"
"16390.0";"2.66814"
"16400.0";"2.663254"
"16410.0";"2.726165"
"16420.0";"2.599153"
"16430.0";"2.454556"
"16440.0";"2.529743"
"16450.0";"2.539913"
"16460.0";"2.443877"
"16470.0";"2.550716"
"16480.0";"2.598862"
"16490.0";"2.548416"
"16500.0";"2.628897"
"16510.0";"2.543695"
"16520.0";"2.461582"
"16530.0";"2.571705"
"16540.0";"2.618244"
"16550.0";"2.464264"
"16560.0";"2.590275"
"16570.0";"2.604633"
"16580.0";"2.625761"
"16590.0";"2.60622"
"16600.0";"2.662825"
"16610.0";"2.750946"
"16620.0";"2.790195"
"16630.0";"2.686031"
"16640.0";"2.655335"
"16650.0";"2.708738"
"16660.0";"2.778686"
"16670.0";"2.861199"
"16680.0";"2.842751"
"16690.0";"2.748107"
"16700.0";"2.82988"
"16710.0";"2.699337"
"16720.0";"2.782644"
"16730.0";"2.68602"
"16740.0";"2.70439"
"16750.0";"2.703619"
"16760.0";"2.705764"
"16770.0";"2.637311"
"16780.0";"2.646769"
"16790.0";"2.57945"
"16800.0";"2.554482"
"16810.0";"2.60425"
"16820.0";"2.657704"
"16830.0";"2.609787"
"16840.0";"2.644579"
"16850.0";"2.671123"
"16860.0";"2.635415"
"16870.0";"2.581748"
"16880.0";"2.699402"
"16890.0";"2.59587"
"16900.0";"2.571113"
"16910.0";"2.676953"
"16920.0";"2.598203"
"16930.0";"2.584249"
"16940.0";"2.642636"
"16950.0";"2.536661"
"16960.0";"2.556938"
"16970.0";"2.641551"
"16980.0";"2.497637"
"16990.0";"2.603054"
"17000.0";"2.607308"
"17010.0";"2.57797"
"17020.0";"2.629769"
"17030.0";"2.562129"
"17040.0";"2.721975"
"17050.0";"2.667919"
"17060.0";"2.62622"
"17070.0";"2.716932"
"17080.0";"2.65589"
"17090.0";"2.635011"
"17100.0";"2.670238"
"17110.0";"2.656891"
"17120.0";"2.736046"
"17130.0";"2.749435"
"17140.0";"2.737435"
"17150.0";"2.716017"
"17160.0";"2.735987"
"17170.0";"2.721201"
"17180.0";"2.729452"
"17190.0";"2.686629"
"17200.0";"2.740787"
"17210.0";"2.675956"
"17220.0";"2.798399"
"17230.0";"2.790781"
"17240.0";"2.640646"
"17250.0";"2.679174"
"17260.0";"2.765467"
"17270.0";"2.744038"
"17280.0";"2.624532"
"17290.0";"2.502321"
"17300.0";"2.593882"
"17310.0";"2.61443"
"17320.0";"2.549369"
"17330.0";"2.692742"
"17340.0";"2.704517"
"17350.0";"2.766943"
"17360.0";"2.750376"
"17370.0";"2.824314"
"17380.0";"2.959004"
"17390.0";"3.055629"
"17400.0";"3.070596"
"17410.0";"2.986681"
"17420.0";"2.950703"
"17430.0";"2.972535"
"17440.0";"2.965799"
"17450.0";"3.008219"
"17460.0";"2.942979"
"17470.0";"2.905341"
"17480.0";"3.02134"
"17490.0";"3.004119"
"17500.0";"2.935006"
"17510.0";"3.027064"
"17520.0";"3.07424"
"17530.0";"3.037469"
"17540.0";"3.08794"
"17550.0";"3.023628"
"17560.0";"3.045084"
"17570.0";"3.050294"
"17580.0";"3.077562"
"17590.0";"2.927454"
"17600.0";"3.004463"
"17610.0";"3.017567"
"17620.0";"2.993518"
"17630.0";"3.075613"
"17640.0";"3.008378"
"17650.0";"2.974315"
"17660.0";"2.98634"
"17670.0";"2.919913"
"17680.0";"2.926025"
"17690.0";"2.960502"
"17700.0";"2.870196"
"17710.0";"2.895763"
"17720.0";"2.864743"
"17730.0";"2.827154"
"17740.0";"2.89151"
"17750.0";"3.073627"
"17760.0";"3.204504"
"17770.0";"3.111531"
"17780.0";"3.102237"
"17790.0";"3.001532"
"17800.0";"3.096059"
"17810.0";"3.096985"
"17820.0";"3.087588"
"17830.0";"3.114159"
"17840.0";"3.083507"
"17850.0";"3.104226"
"17860.0";"3.1054"
"17870.0";"3.18647"
"17880.0";"3.201747"
"17890.0";"3.113379"
"17900.0";"3.059403"
"17910.0";"3.048224"
"17920.0";"3.081709"
"17930.0";"3.062006"
"17940.0";"2.947711"
"17950.0";"3.225435"
"17960.0";"3.184555"
"17970.0";"3.113774"
"17980.0";"3.079472"
"17990.0";"3.185785"
"18000.0";"3.268188"
"18010.0";"3.145375"
"18020.0";"3.183866"
"18030.0";"3.281383"
"18040.0";"3.180396"
"18050.0";"3.094224"
"18060.0";"3.117639"
"18070.0";"3.073761"
"18080.0";"3.175401"
"18090.0";"3.028902"
"18100.0";"3.008317"
"18110.0";"2.965822"
"18120.0";"2.98056"
"18130.0";"2.8578"
"18140.0";"2.89502"
"18150.0";"2.884851"
"18160.0";"2.850204"
"18170.0";"2.936608"
"18180.0";"2.99537"
"18190.0";"2.959948"
"18200.0";"2.843657"
"18210.0";"3.0032"
"18220.0";"3.023814"
"18230.0";"2.939031"
"18240.0";"2.903755"
"18250.0";"2.932757"
"18260.0";"2.905056"
"18270.0";"2.885982"
"18280.0";"2.873905"
"18290.0";"2.971545"
"18300.0";"2.937579"
"18310.0";"2.972885"
"18320.0";"2.979133"
"18330.0";"3.026437"
"18340.0";"3.069621"
"18350.0";"2.979454"
"18360.0";"3.076776"
"18370.0";"3.103059"
"18380.0";"3.172931"
"18390.0";"3.213179"
"18400.0";"3.327297"
"18410.0";"3.255184"
"18420.0";"3.205084"
"18430.0";"3.338039"
"18440.0";"3.312889"
"18450.0";"3.320603"
"18460.0";"3.275224"
"18470.0";"3.219281"
"18480.0";"3.278489"
"18490.0";"3.260833"
"18500.0";"3.294931"
"18510.0";"3.240847"
"18520.0";"3.234179"
"18530.0";"3.253629"
"18540.0";"3.236985"
"18550.0";"3.182209"
"18560.0";"3.18086"
"18570.0";"3.23964"
"18580.0";"3.187517"
"18590.0";"3.241316"
"18600.0";"3.189441"
"18610.0";"3.063908"
"18620.0";"3.035519"
"18630.0";"3.018791"
"18640.0";"3.060919"
"18650.0";"3.157972"
"18660.0";"3.189574"
"18670.0";"3.059007"
"18680.0";"3.179307"
"18690.0";"3.153191"
"18700.0";"3.157125"
"18710.0";"3.20073"
"18720.0";"3.221326"
"18730.0";"3.107703"
"18740.0";"3.189018"
"18750.0";"3.160413"
"18760.0";"3.150081"
"18770.0";"3.108678"
"18780.0";"3.228479"
"18790.0";"3.392815"
"18800.0";"3.310754"
"18810.0";"3.29366"
"18820.0";"3.269866"
"18830.0";"3.246219"
"18840.0";"3.285197"
"18850.0";"3.294183"
"18860.0";"3.203644"
"18870.0";"3.116679"
"18880.0";"3.16166"
"18890.0";"3.183864"
"18900.0";"3.078848"
"18910.0";"3.131357"
"18920.0";"3.201142"
"18930.0";"3.094386"
"18940.0";"3.007372"
"18950.0";"3.058671"
"18960.0";"2.974077"
"18970.0";"3.034261"
"18980.0";"3.008879"
"18990.0";"2.993453"
"19000.0";"3.027774"
"19010.0";"3.030828"
"19020.0";"2.896916"
"19030.0";"2.951659"
"19040.0";"2.887051"
"19050.0";"2.955367"
"19060.0";"3.106155"
"19070.0";"3.079416"
"19080.0";"3.019714"
"19090.0";"3.118952"
"19100.0";"3.065542"
"19110.0";"3.087489"
"19120.0";"2.951037"
"19130.0";"3.082786"
"19140.0";"3.148432"
"19150.0";"3.087632"
"19160.0";"3.239118"
"19170.0";"3.152856"
"19180.0";"3.05169"
"19190.0";"3.030191"
"19200.0";"3.045148"
"19210.0";"2.993017"
"19220.0";"3.023617"
"19230.0";"2.961298"
"19240.0";"2.979758"
"19250.0";"2.937125"
"19260.0";"3.002925"
"19270.0";"3.04443"
"19280.0";"3.182432"
"19290.0";"3.135696"
"19300.0";"3.178324"
"19310.0";"3.086039"
"19320.0";"3.218749"
"19330.0";"3.08071"
"19340.0";"3.178519"
"19350.0";"3.102246"
"19360.0";"3.14163"
"19370.0";"3.081488"
"19380.0";"2.949995"
"19390.0";"2.893906"
"19400.0";"2.957152"
"19410.0";"2.931996"
"19420.0";"3.007734"
"19430.0";"3.014423"
"19440.0";"3.02302"
"19450.0";"2.981596"
"19460.0";"2.94061"
"19470.0";"3.064592"
"19480.0";"3.023048"
"19490.0";"2.956286"
"19500.0";"2.900177"
"19510.0";"2.846395"
"19520.0";"2.823472"
"19530.0";"2.871298"
"19540.0";"2.858052"
"19550.0";"2.956473"
"19560.0";"3.103647"
"19570.0";"3.033026"
"19580.0";"3.127743"
"19590.0";"3.069036"
"19600.0";"3.179967"
"19610.0";"3.317309"
"19620.0";"3.24444"
"19630.0";"3.148815"
"19640.0";"3.008429"
"19650.0";"2.98713"
"19660.0";"3.114235"
"19670.0";"3.21679"
"19680.0";"3.081071"
"19690.0";"3.003721"
"19700.0";"3.071045"
"19710.0";"3.053412"
"19720.0";"3.155621"
"19730.0";"3.106666"
"19740.0";"2.962664"
"19750.0";"3.11548"
"19760.0";"3.091742"
"19770.0";"3.002657"
"19780.0";"3.112679"
"19790.0";"3.17297"
"19800.0";"3.087988"
"19810.0";"3.047451"
"19820.0";"2.911189"
"19830.0";"2.849803"
"19840.0";"2.956541"
"19850.0";"2.99249"
"19860.0";"2.959864"
"19870.0";"2.888778"
"19880.0";"2.767398"
"19890.0";"2.658036"
"19900.0";"2.621456"
"19910.0";"2.766863"
"19920.0";"2.931012"
"19930.0";"3.079426"
"19940.0";"3.08005"
"19950.0";"3.03748"
"19960.0";"2.957962"
"19970.0";"2.936862"
"19980.0";"3.049663"
"19990.0";"2.872464"
"20000.0";"2.89173"
"20010.0";"2.898384"
"20020.0";"3.003829"
"20030.0";"2.89591"
"20040.0";"2.86484"
"20050.0";"2.896224"
"20060.0";"2.616339"
"20070.0";"2.689571"
"20080.0";"2.826788"
"20090.0";"2.857979"
"20100.0";"2.94574"
"20110.0";"3.03546"
"20120.0";"3.034314"
"20130.0";"2.999947"
"20140.0";"2.924589"
"20150.0";"3.021775"
"20160.0";"2.954587"
"20170.0";"2.839886"
"20180.0";"2.822657"
"20190.0";"2.675622"
"20200.0";"2.658672"
"20210.0";"2.808531"
"20220.0";"2.771025"
"20230.0";"2.794348"
"20240.0";"2.622806"
"20250.0";"2.586796"
"20260.0";"2.659035"
"20270.0";"2.67119"
"20280.0";"2.630749"
"20290.0";"2.56501"
"20300.0";"2.37665"
"20310.0";"2.571755"
"20320.0";"2.503958"
"20330.0";"2.514453"
"20340.0";"2.673069"
"20350.0";"2.686283"
"20360.0";"2.816442"
"20370.0";"2.849683"
"20380.0";"2.789333"
"20390.0";"3.02778"
"20400.0";"3.093907"
"20410.0";"3.00916"
"20420.0";"3.0558"
"20430.0";"2.809175"
"20440.0";"2.771966"
"20450.0";"2.656151"
"20460.0";"2.661386"
"20470.0";"2.809437"
"20480.0";"2.861342"
"20490.0";"2.762125"
"20500.0";"2.770037"
"20510.0";"2.810246"
"20520.0";"2.832393"
"20530.0";"3.016046"
"20540.0";"2.749456"
"20550.0";"2.788131"
"20560.0";"2.734347"
"20570.0";"2.769874"
"20580.0";"2.886541"
"20590.0";"2.925732"
"20600.0";"2.990208"
"20610.0";"3.089268"
"20620.0";"2.94156"
"20630.0";"2.904331"
"20640.0";"2.767093"
"20650.0";"2.642834"
"20660.0";"2.71868"
"20670.0";"2.712666"
"20680.0";"2.641041"
"20690.0";"2.735607"
"20700.0";"2.786733"
"20710.0";"2.754767"
"20720.0";"2.698884"
"20730.0";"2.817816"
"20740.0";"2.872213"
"20750.0";"2.689923"
"20760.0";"2.744776"
"20770.0";"2.801449"
"20780.0";"2.768242"
"20790.0";"2.81602"
"20800.0";"2.973907"
"20810.0";"2.890813"
"20820.0";"2.950774"
"20830.0";"3.072274"
"20840.0";"2.939232"
"20850.0";"2.996169"
"20860.0";"2.994213"
"20870.0";"2.967001"
"20880.0";"2.896862"
"20890.0";"2.815118"
"20900.0";"2.766676"
"20910.0";"2.70816"
"20920.0";"2.806947"
"20930.0";"2.863436"
"20940.0";"2.762083"
"20950.0";"2.849619"
"20960.0";"2.873873"
"20970.0";"3.00861"
"20980.0";"2.94334"
"20990.0";"2.880209"
"21000.0";"2.843499"
"21010.0";"2.783044"
"21020.0";"2.752272"
"21030.0";"2.689568"
"21040.0";"2.614228"
"21050.0";"2.792299"
"21060.0";"2.854081"
"21070.0";"2.758949"
"21080.0";"2.794189"
"21090.0";"2.837229"
"21100.0";"2.79075"
"21110.0";"2.707223"
"21120.0";"2.761744"
"21130.0";"2.762475"
"21140.0";"2.752903"
"21150.0";"2.822984"
"21160.0";"2.812728"
"21170.0";"2.654617"
"21180.0";"2.686049"
"21190.0";"2.686822"
"21200.0";"2.627309"
"21210.0";"2.602378"
"21220.0";"2.703306"
"21230.0";"2.612754"
"21240.0";"2.523472"
"21250.0";"2.468433"
"21260.0";"2.598458"
"21270.0";"2.645221"
"21280.0";"2.692498"
"21290.0";"2.656214"
"21300.0";"2.571671"
"21310.0";"2.573756"
"21320.0";"2.514741"
"21330.0";"2.572167"
"21340.0";"2.56988"
"21350.0";"2.534811"
"21360.0";"2.580848"
"21370.0";"2.624124"
"21380.0";"2.680275"
"21390.0";"2.647692"
"21400.0";"2.710898"
"21410.0";"2.663424"
"21420.0";"2.705544"
"21430.0";"2.623183"
"21440.0";"2.691416"
"21450.0";"2.603194"
"21460.0";"2.605424"
"21470.0";"2.497683"
"21480.0";"2.588274"
"21490.0";"2.729404"
"21500.0";"2.596536"
"21510.0";"2.69502"
"21520.0";"2.7244"
"21530.0";"2.645523"
"21540.0";"2.762228"
"21550.0";"2.56952"
"21560.0";"2.62474"
"21570.0";"2.535005"
"21580.0";"2.560834"
"21590.0";"2.589782"
"21600.0";"2.528095"
"21610.0";"2.491733"
"21620.0";"2.514291"
"21630.0";"2.44131"
"21640.0";"2.423392"
"21650.0";"2.431667"
"21660.0";"2.482957"
"21670.0";"2.43924"
"21680.0";"2.502664"
"21690.0";"2.509321"
"21700.0";"2.450712"
"21710.0";"2.463772"
"21720.0";"2.439872"
"21730.0";"2.474557"
"21740.0";"2.462229"
"21750.0";"2.501789"
"21760.0";"2.444836"
"21770.0";"2.478928"
"21780.0";"2.511813"
"21790.0";"2.452177"
"21800.0";"2.456551"
"21810.0";"2.498075"
"21820.0";"2.495685"
"21830.0";"2.477784"
"21840.0";"2.461013"
"21850.0";"2.585743"
"21860.0";"2.702934"
"21870.0";"2.697267"
"21880.0";"2.745902"
"21890.0";"2.564725"
"21900.0";"2.666883"
"21910.0";"2.481694"
"21920.0";"2.514988"
"21930.0";"2.486538"
"21940.0";"2.486104"
"21950.0";"2.55006"
"21960.0";"2.614074"
"21970.0";"2.570847"
"21980.0";"2.571397"
"21990.0";"2.604474"
"22000.0";"2.531703"
"22010.0";"2.550636"
"22020.0";"2.444269"
"22030.0";"2.45494"
"22040.0";"2.549206"
"22050.0";"2.491882"
"22060.0";"2.520241"
"22070.0";"2.41645"
"22080.0";"2.464669"
"22090.0";"2.534503"
"22100.0";"2.559366"
"22110.0";"2.551268"
"22120.0";"2.52603"
"22130.0";"2.578765"
"22140.0";"2.521677"
"22150.0";"2.478894"
"22160.0";"2.460221"
"22170.0";"2.452645"
"22180.0";"2.503425"
"22190.0";"2.510363"
"22200.0";"2.575623"
"22210.0";"2.573858"
"22220.0";"2.583423"
"22230.0";"2.640477"
"22240.0";"2.558465"
"22250.0";"2.627213"
"22260.0";"2.616913"
"22270.0";"2.50316"
"22280.0";"2.429789"
"22290.0";"2.490926"
"22300.0";"2.468987"
"22310.0";"2.483088"
"22320.0";"2.443436"
"22330.0";"2.545275"
"22340.0";"2.430658"
"22350.0";"2.56747"
"22360.0";"2.441483"
"22370.0";"2.417161"
"22380.0";"2.453355"
"22390.0";"2.494759"
"22400.0";"2.500676"
"22410.0";"2.489649"
"22420.0";"2.535348"
"22430.0";"2.467822"
"22440.0";"2.454409"
"22450.0";"2.528274"
"22460.0";"2.526345"
"22470.0";"2.536936"
"22480.0";"2.529712"
"22490.0";"2.518617"
"22500.0";"2.459894"
"22510.0";"2.522571"
"22520.0";"2.56556"
"22530.0";"2.58215"
"22540.0";"2.517445"
"22550.0";"2.483099"
"22560.0";"2.548072"
"22570.0";"2.472301"
"22580.0";"2.413214"
"22590.0";"2.425718"
"22600.0";"2.411726"
"22610.0";"2.482143"
"22620.0";"2.381837"
"22630.0";"2.43399"
"22640.0";"2.427775"
"22650.0";"2.450927"
"22660.0";"2.515072"
"22670.0";"2.482212"
"22680.0";"2.407879"
"22690.0";"2.507174"
"22700.0";"2.56934"
"22710.0";"2.622806"
"22720.0";"2.471452"
"22730.0";"2.578268"
"22740.0";"2.478768"
"22750.0";"2.53735"
"22760.0";"2.479818"
"22770.0";"2.546474"
"22780.0";"2.444391"
"22790.0";"2.478157"
"22800.0";"2.568585"
"22810.0";"2.536195"
"22820.0";"2.452798"
"22830.0";"2.506201"
"22840.0";"2.484313"
"22850.0";"2.537206"
"22860.0";"2.463116"
"22870.0";"2.479342"
"22880.0";"2.434669"
"22890.0";"2.526753"
"22900.0";"2.451911"
"22910.0";"2.546904"
"22920.0";"2.474201"
"22930.0";"2.483109"
"22940.0";"2.512735"
"22950.0";"2.62391"
"22960.0";"2.565933"
"22970.0";"2.549159"
"22980.0";"2.559612"
"22990.0";"2.611737"
"23000.0";"2.524927"
"23010.0";"2.647434"
"23020.0";"2.613018"
"23030.0";"2.661358"
"23040.0";"2.531456"
"23050.0";"2.605653"
"23060.0";"2.668193"
"23070.0";"2.5384"
"23080.0";"2.480732"
"23090.0";"2.53214"
"23100.0";"2.51905"
"23110.0";"2.576449"
"23120.0";"2.508956"
"23130.0";"2.57894"
"23140.0";"2.526014"
"23150.0";"2.397861"
"23160.0";"2.463525"
"23170.0";"2.522076"
"23180.0";"2.560493"
"23190.0";"2.524824"
"23200.0";"2.489551"
"23210.0";"2.499264"
"23220.0";"2.521577"
"23230.0";"2.497812"
"23240.0";"2.576243"
"23250.0";"2.555752"
"23260.0";"2.537266"
"23270.0";"2.573922"
"23280.0";"2.5348"
"23290.0";"2.520656"
"23300.0";"2.512066"
"23310.0";"2.4485"
"23320.0";"2.521201"
"23330.0";"2.473245"
"23340.0";"2.49806"
"23350.0";"2.493811"
"23360.0";"2.420778"
"23370.0";"2.518402"
"23380.0";"2.432896"
"23390.0";"2.389336"
"23400.0";"2.497535"
"23410.0";"2.547293"
"23420.0";"2.621253"
"23430.0";"2.621574"
"23440.0";"2.56662"
"23450.0";"2.43987"
"23460.0";"2.4906"
"23470.0";"2.574716"
"23480.0";"2.600742"
"23490.0";"2.586546"
"23500.0";"2.50272"
"23510.0";"2.62309"
"23520.0";"2.612347"
"23530.0";"2.559801"
"23540.0";"2.501861"
"23550.0";"2.415598"
"23560.0";"2.430979"
"23570.0";"2.508415"
"23580.0";"2.552927"
"23590.0";"2.472663"
"23600.0";"2.430098"
"23610.0";"2.528644"
"23620.0";"2.527241"
"23630.0";"2.504133"
"23640.0";"2.521144"
"23650.0";"2.540961"
"23660.0";"2.539101"
"23670.0";"2.574464"
"23680.0";"2.529569"
"23690.0";"2.579427"
"23700.0";"2.44286"
"23710.0";"2.536185"
"23720.0";"2.457533"
"23730.0";"2.560601"
"23740.0";"2.537827"
"23750.0";"2.53161"
"23760.0";"2.56817"
"23770.0";"2.555123"
"23780.0";"2.583289"
"23790.0";"2.517076"
"23800.0";"2.491088"
"23810.0";"2.471826"
"23820.0";"2.530852"
"23830.0";"2.488261"
"23840.0";"2.501625"
"23850.0";"2.583187"
"23860.0";"2.582497"
"23870.0";"2.545501"
"23880.0";"2.546769"
"23890.0";"2.485627"
"23900.0";"2.513891"
"23910.0";"2.446799"
"23920.0";"2.521528"
"23930.0";"2.546796"
"23940.0";"2.518534"
"23950.0";"2.52451"
"23960.0";"2.520538"
"23970.0";"2.492657"
"23980.0";"2.543499"
"23990.0";"2.45994"
"24000.0";"2.477719"
"24010.0";"2.489865"
"24020.0";"2.444004"
"24030.0";"2.479195"
"24040.0";"2.483188"
"24050.0";"2.510584"
"24060.0";"2.513968"
"24070.0";"2.525243"
"24080.0";"2.536046"
"24090.0";"2.474588"
"24100.0";"2.46523"
"24110.0";"2.494371"
"24120.0";"2.552096"
"24130.0";"2.47682"
"24140.0";"2.539767"
"24150.0";"2.557334"
"24160.0";"2.532918"
"24170.0";"2.46832"
"24180.0";"2.478257"
"24190.0";"2.510927"
"24200.0";"2.513427"
"24210.0";"2.542587"
"24220.0";"2.436592"
"24230.0";"2.586908"
"24240.0";"2.642779"
"24250.0";"2.571077"
"24260.0";"2.564617"
"24270.0";"2.459959"
"24280.0";"2.520828"
"24290.0";"2.489006"
"24300.0";"2.564741"
"24310.0";"2.490219"
"24320.0";"2.555803"
"24330.0";"2.517007"
"24340.0";"2.454046"
"24350.0";"2.557019"
"24360.0";"2.528451"
"24370.0";"2.508175"
"24380.0";"2.470454"
"24390.0";"2.49885"
"24400.0";"2.520429"
"24410.0";"2.55488"
"24420.0";"2.568444"
"24430.0";"2.446149"
"24440.0";"2.562614"
"24450.0";"2.472425"
"24460.0";"2.546867"
"24470.0";"2.530158"
"24480.0";"2.523536"
"24490.0";"2.562822"
"24500.0";"2.54103"
"24510.0";"2.528703"
"24520.0";"2.596439"
"24530.0";"2.614805"
"24540.0";"2.566777"
"24550.0";"2.527839"
"24560.0";"2.474447"
"24570.0";"2.510204"
"24580.0";"2.540513"
"24590.0";"2.452559"
"24600.0";"2.519855"
"24610.0";"2.516785"
"24620.0";"2.542066"
"24630.0";"2.575748"
"24640.0";"2.517732"
"24650.0";"2.554638"
"24660.0";"2.474833"
"24670.0";"2.537398"
"24680.0";"2.48887"
"24690.0";"2.473541"
"24700.0";"2.614209"
"24710.0";"2.693178"
"24720.0";"2.6653"
"24730.0";"2.644185"
"24740.0";"2.701823"
"24750.0";"2.628465"
"24760.0";"2.733737"
"24770.0";"2.726572"
"24780.0";"2.622624"
"24790.0";"2.559448"
"24800.0";"2.566823"
"24810.0";"2.622854"
"24820.0";"2.613083"
"24830.0";"2.722749"
"24840.0";"2.678576"
"24850.0";"2.531734"
"24860.0";"2.569785"
"24870.0";"2.582072"
"24880.0";"2.563783"
"24890.0";"2.480002"
"24900.0";"2.617396"
"24910.0";"2.524077"
"24920.0";"2.543351"
"24930.0";"2.464706"
"24940.0";"2.524472"
"24950.0";"2.468795"
"24960.0";"2.532109"
"24970.0";"2.468594"
"24980.0";"2.513873"
"24990.0";"2.575595"
"25000.0";"2.500212"
"25010.0";"2.496047"
"25020.0";"2.514755"
"25030.0";"2.654163"
"25040.0";"2.717083"
"25050.0";"2.603257"
"25060.0";"2.645036"
"25070.0";"2.641026"
"25080.0";"2.602142"
"25090.0";"2.603961"
"25100.0";"2.690668"
"25110.0";"2.55019"
"25120.0";"2.470679"
"25130.0";"2.502843"
"25140.0";"2.536462"
"25150.0";"2.506677"
"25160.0";"2.497098"
"25170.0";"2.561758"
"25180.0";"2.634971"
"25190.0";"2.692292"
"25200.0";"2.745934"
"25210.0";"2.686729"
"25220.0";"2.787027"
"25230.0";"2.6854"
"25240.0";"2.765836"
"25250.0";"2.707786"
"25260.0";"2.690306"
"25270.0";"2.722306"
"25280.0";"2.750764"
"25290.0";"2.581934"
"25300.0";"2.625631"
"25310.0";"2.649799"
"25320.0";"2.5574"
"25330.0";"2.611322"
"25340.0";"2.621612"
"25350.0";"2.637382"
"25360.0";"2.605247"
"25370.0";"2.645339"
"25380.0";"2.55663"
"25390.0";"2.528108"
"25400.0";"2.572321"
"25410.0";"2.545061"
"25420.0";"2.569246"
"25430.0";"2.529659"
"25440.0";"2.570331"
"25450.0";"2.623847"
"25460.0";"2.69885"
"25470.0";"2.665174"
"25480.0";"2.549688"
"25490.0";"2.548647"
"25500.0";"2.497699"
"25510.0";"2.596282"
"25520.0";"2.634299"
"25530.0";"2.520109"
"25540.0";"2.567243"
"25550.0";"2.506164"
"25560.0";"2.461296"
"25570.0";"2.576904"
"25580.0";"2.621513"
"25590.0";"2.56865"
"25600.0";"2.557358"
"25610.0";"2.527508"
"25620.0";"2.488309"
"25630.0";"2.486594"
"25640.0";"2.461077"
"25650.0";"2.532461"
"25660.0";"2.570018"
"25670.0";"2.52569"
"25680.0";"2.54849"
"25690.0";"2.564591"
"25700.0";"2.632896"
"25710.0";"2.506478"
"25720.0";"2.547974"
"25730.0";"2.473017"
"25740.0";"2.620046"
"25750.0";"2.429568"
"25760.0";"2.560282"
"25770.0";"2.5452"
"25780.0";"2.533818"
"25790.0";"2.557048"
"25800.0";"2.523472"
"25810.0";"2.469388"
"25820.0";"2.484568"
"25830.0";"2.639054"
"25840.0";"2.632704"
"25850.0";"2.575864"
"25860.0";"2.564427"
"25870.0";"2.461677"
"25880.0";"2.600451"
"25890.0";"2.484161"
"25900.0";"2.55385"
"25910.0";"2.545502"
"25920.0";"2.62374"
"25930.0";"2.523969"
"25940.0";"2.534973"
"25950.0";"2.538244"
"25960.0";"2.669863"
"25970.0";"2.619157"
"25980.0";"2.579047"
"25990.0";"2.645483"
"26000.0";"2.724583"
"26010.0";"2.589499"
"26020.0";"2.563439"
"26030.0";"2.549418"
"26040.0";"2.466855"
"26050.0";"2.608577"
"26060.0";"2.587672"
"26070.0";"2.501069"
"26080.0";"2.514918"
"26090.0";"2.474823"
"26100.0";"2.548961"
"26110.0";"2.520579"
"26120.0";"2.617709"
"26130.0";"2.537333"
"26140.0";"2.581789"
"26150.0";"2.549335"
"26160.0";"2.491351"
"26170.0";"2.58511"
"26180.0";"2.598988"
"26190.0";"2.68139"
"26200.0";"2.584783"
"26210.0";"2.59354"
"26220.0";"2.614694"
"26230.0";"2.610209"
"26240.0";"2.544068"
"26250.0";"2.509187"
"26260.0";"2.5164"
"26270.0";"2.514367"
"26280.0";"2.616251"
"26290.0";"2.57464"
"26300.0";"2.587757"
"26310.0";"2.52417"
"26320.0";"2.601148"
"26330.0";"2.681381"
"26340.0";"2.570347"
"26350.0";"2.639051"
"26360.0";"2.655348"
"26370.0";"2.678785"
"26380.0";"2.777449"
"26390.0";"2.781099"
"26400.0";"2.624336"
"26410.0";"2.561507"
"26420.0";"2.572748"
"26430.0";"2.57385"
"26440.0";"2.613193"
"26450.0";"2.641486"
"26460.0";"2.623915"
"26470.0";"2.636667"
"26480.0";"2.605806"
"26490.0";"2.538024"
"26500.0";"2.645956"
"26510.0";"2.620939"
"26520.0";"2.660143"
"26530.0";"2.667004"
"26540.0";"2.628359"
"26550.0";"2.554044"
"26560.0";"2.618986"
"26570.0";"2.544734"
"26580.0";"2.539083"
"26590.0";"2.566113"
"26600.0";"2.598771"
"26610.0";"2.618088"
"26620.0";"2.60267"
"26630.0";"2.654747"
"26640.0";"2.609226"
"26650.0";"2.461138"
"26660.0";"2.582609"
"26670.0";"2.56949"
"26680.0";"2.665549"
"26690.0";"2.717435"
"26700.0";"2.711218"
"26710.0";"2.699326"
"26720.0";"2.684415"
"26730.0";"2.67523"
"26740.0";"2.677529"
"26750.0";"2.685092"
"26760.0";"2.655153"
"26770.0";"2.594992"
"26780.0";"2.667588"
"26790.0";"2.742845"
"26800.0";"2.730636"
"26810.0";"2.726135"
"26820.0";"2.79102"
"26830.0";"2.676943"
"26840.0";"2.702351"
"26850.0";"2.705765"
"26860.0";"2.695118"
"26870.0";"2.76213"
"26880.0";"2.691369"
"26890.0";"2.67819"
"26900.0";"2.736342"
"26910.0";"2.64183"
"26920.0";"2.637382"
"26930.0";"2.66732"
"26940.0";"2.674919"
"26950.0";"2.758668"
"26960.0";"2.720957"
"26970.0";"2.610575"
"26980.0";"2.634584"
"26990.0";"2.644327"
"27000.0";"2.770146"
"27010.0";"2.655638"
"27020.0";"2.663011"
"27030.0";"2.589444"
"27040.0";"2.602495"
"27050.0";"2.505059"
"27060.0";"2.529224"
"27070.0";"2.540526"
"27080.0";"2.526207"
"27090.0";"2.56019"
"27100.0";"2.527251"
"27110.0";"2.507902"
"27120.0";"2.50651"
"27130.0";"2.553377"
"27140.0";"2.597015"
"27150.0";"2.584294"
"27160.0";"2.587274"
"27170.0";"2.531737"
"27180.0";"2.481808"
"27190.0";"2.490641"
"27200.0";"2.532207"
"27210.0";"2.501449"
"27220.0";"2.559421"
"27230.0";"2.504929"
"27240.0";"2.535763"
"27250.0";"2.591905"
"27260.0";"2.449473"
"27270.0";"2.394129"
"27280.0";"2.536286"
"27290.0";"2.582153"
"27300.0";"2.588007"
"27310.0";"2.54757"
"27320.0";"2.51238"
"27330.0";"2.542311"
"27340.0";"2.437939"
"27350.0";"2.511798"
"27360.0";"2.56831"
"27370.0";"2.57974"
"27380.0";"2.426316"
"27390.0";"2.558568"
"27400.0";"2.612925"
"27410.0";"2.617101"
"27420.0";"2.708198"
"27430.0";"2.785122"
"27440.0";"2.837731"
"27450.0";"2.807096"
"27460.0";"2.725155"
"27470.0";"2.804037"
"27480.0";"2.694684"
"27490.0";"2.655941"
"27500.0";"2.591015"
"27510.0";"2.522958"
"27520.0";"2.575981"
"27530.0";"2.646478"
"27540.0";"2.513898"
"27550.0";"2.614924"
"27560.0";"2.581458"
"27570.0";"2.564027"
"27580.0";"2.539554"
"27590.0";"2.444419"
"27600.0";"2.549644"
"27610.0";"2.507687"
"27620.0";"2.587462"
"27630.0";"2.538309"
"27640.0";"2.501401"
"27650.0";"2.449531"
"27660.0";"2.406261"
"27670.0";"2.502923"
"27680.0";"2.517643"
"27690.0";"2.519472"
"27700.0";"2.442508"
"27710.0";"2.49614"
"27720.0";"2.532251"
"27730.0";"2.545632"
"27740.0";"2.526365"
"27750.0";"2.507737"
"27760.0";"2.485864"
"27770.0";"2.432592"
"27780.0";"2.499209"
"27790.0";"2.551619"
"27800.0";"2.557667"
"27810.0";"2.514421"
"27820.0";"2.501348"
"27830.0";"2.546097"
"27840.0";"2.55623"
"27850.0";"2.568065"
"27860.0";"2.532577"
"27870.0";"2.561461"
"27880.0";"2.644129"
"27890.0";"2.594758"
"27900.0";"2.590615"
"27910.0";"2.527444"
"27920.0";"2.548165"
"27930.0";"2.496081"
"27940.0";"2.53091"
"27950.0";"2.522053"
"27960.0";"2.535075"
"27970.0";"2.567073"
"27980.0";"2.538911"
"27990.0";"2.600526"
"28000.0";"2.492721"
"28010.0";"2.467178"
"28020.0";"2.418645"
"28030.0";"2.418831"
"28040.0";"2.429573"
"28050.0";"2.452395"
"28060.0";"2.462955"
"28070.0";"2.503746"
"28080.0";"2.493296"
"28090.0";"2.482107"
"28100.0";"2.562033"
"28110.0";"2.530867"
"28120.0";"2.554489"
"28130.0";"2.601982"
"28140.0";"2.679978"
"28150.0";"2.517613"
"28160.0";"2.525511"
"28170.0";"2.598562"
"28180.0";"2.537674"
"28190.0";"2.457635"
"28200.0";"2.566243"
"28210.0";"2.511709"
"28220.0";"2.510179"
"28230.0";"2.502853"
"28240.0";"2.493582"
"28250.0";"2.542937"
"28260.0";"2.46602"
"28270.0";"2.590709"
"28280.0";"2.43454"
"28290.0";"2.498165"
"28300.0";"2.541469"
"28310.0";"2.522011"
"28320.0";"2.539257"
"28330.0";"2.615704"
"28340.0";"2.553984"
"28350.0";"2.603913"
"28360.0";"2.575578"
"28370.0";"2.583151"
"28380.0";"2.522829"
"28390.0";"2.524754"
"28400.0";"2.49282"
"28410.0";"2.532057"
"28420.0";"2.544165"
"28430.0";"2.510712"
"28440.0";"2.643554"
"28450.0";"2.583296"
"28460.0";"2.541725"
"28470.0";"2.647471"
"28480.0";"2.553819"
"28490.0";"2.579637"
"28500.0";"2.571288"
"28510.0";"2.550816"
"28520.0";"2.55444"
"28530.0";"2.595973"
"28540.0";"2.602673"
"28550.0";"2.613835"
"28560.0";"2.540391"
"28570.0";"2.475107"
"28580.0";"2.495567"
"28590.0";"2.482199"
"28600.0";"2.515855"
"28610.0";"2.578544"
"28620.0";"2.524091"
"28630.0";"2.506537"
"28640.0";"2.484622"
"28650.0";"2.524561"
"28660.0";"2.466062"
"28670.0";"2.546488"
"28680.0";"2.610952"
"28690.0";"2.593917"
"28700.0";"2.512996"
"28710.0";"2.494472"
"28720.0";"2.535165"
"28730.0";"2.58889"
"28740.0";"2.499484"
"28750.0";"2.438937"
"28760.0";"2.560729"
"28770.0";"2.594091"
"28780.0";"2.518015"
"28790.0";"2.58984"
"28800.0";"2.580021"
"28810.0";"2.521384"
"28820.0";"2.547853"
"28830.0";"2.492301"
"28840.0";"2.544288"
"28850.0";"2.622616"
"28860.0";"2.545302"
"28870.0";"2.569606"
"28880.0";"2.637116"
"28890.0";"2.565112"
"28900.0";"2.557515"
"28910.0";"2.56083"
"28920.0";"2.576241"
"28930.0";"2.514299"
"28940.0";"2.497918"
"28950.0";"2.605885"
"28960.0";"2.566101"
"28970.0";"2.569177"
"28980.0";"2.605168"
"28990.0";"2.66661"
"29000.0";"2.597656"
"29010.0";"2.546641"
"29020.0";"2.496153"
"29030.0";"2.614703"
"29040.0";"2.664415"
"29050.0";"2.666883"
"29060.0";"2.692351"
"29070.0";"2.658681"
"29080.0";"2.554748"
"29090.0";"2.57652"
"29100.0";"2.582174"
"29110.0";"2.641406"
"29120.0";"2.590886"
"29130.0";"2.55762"
"29140.0";"2.605782"
"29150.0";"2.514208"
"29160.0";"2.564344"
"29170.0";"2.610066"
"29180.0";"2.665982"
"29190.0";"2.642584"
"29200.0";"2.531353"
"29210.0";"2.609889"
"29220.0";"2.635251"
"29230.0";"2.532715"
"29240.0";"2.572946"
"29250.0";"2.586492"
"29260.0";"2.668543"
"29270.0";"2.553921"
"29280.0";"2.521514"
"29290.0";"2.542453"
"29300.0";"2.505401"
"29310.0";"2.521195"
"29320.0";"2.556045"
"29330.0";"2.547595"
"29340.0";"2.545548"
"29350.0";"2.458856"
"29360.0";"2.517706"
"29370.0";"2.519084"
"29380.0";"2.40458"
"29390.0";"2.360867"
"29400.0";"2.418684"
"29410.0";"2.526838"
"29420.0";"2.597914"
"29430.0";"2.423117"
"29440.0";"2.38805"
"29450.0";"2.395987"
"29460.0";"2.365307"
"29470.0";"2.474355"
"29480.0";"2.295515"
"29490.0";"2.367514"
"29500.0";"2.448456"
"29510.0";"2.48566"
"29520.0";"2.531231"
"29530.0";"2.482878"
"29540.0";"2.538875"
"29550.0";"2.497377"
"29560.0";"2.406843"
"29570.0";"2.535688"
"29580.0";"2.355179"
"29590.0";"2.359826"
"29600.0";"2.42127"
"29610.0";"2.387485"
"29620.0";"2.454356"
"29630.0";"2.535223"
"29640.0";"2.508874"
"29650.0";"2.531792"
"29660.0";"2.482386"
"29670.0";"2.563309"
"29680.0";"2.593341"
"29690.0";"2.603148"
"29700.0";"2.561882"
"29710.0";"2.560598"
"29720.0";"2.570018"
"29730.0";"2.581579"
"29740.0";"2.574827"
"29750.0";"2.668377"
"29760.0";"2.490734"
"29770.0";"2.601425"
"29780.0";"2.514246"
"29790.0";"2.562377"
"29800.0";"2.563453"
"29810.0";"2.565629"
"29820.0";"2.492634"
"29830.0";"2.566041"
"29840.0";"2.469896"
"29850.0";"2.471408"
"29860.0";"2.505585"
"29870.0";"2.569849"
"29880.0";"2.612888"
"29890.0";"2.613605"
"29900.0";"2.643316"
"29910.0";"2.517254"
"29920.0";"2.562583"
"29930.0";"2.513714"
"29940.0";"2.526744"
"29950.0";"2.592305"
"29960.0";"2.526082"
"29970.0";"2.540874"
"29980.0";"2.599907"
"29990.0";"2.553024"
"30000.0";"2.541644"
"30010.0";"2.588376"
"30020.0";"2.515592"
"30030.0";"2.566101"
"30040.0";"2.496105"
"30050.0";"2.583893"
"30060.0";"2.5472"
"30070.0";"2.546825"
"30080.0";"2.486642"
"30090.0";"2.455262"
"30100.0";"2.473088"
"30110.0";"2.503977"
"30120.0";"2.530602"
"30130.0";"2.479202"
"30140.0";"2.478772"
"30150.0";"2.503815"
"30160.0";"2.498602"
"30170.0";"2.514487"
"30180.0";"2.544281"
"30190.0";"2.529877"
"30200.0";"2.57179"
"30210.0";"2.513571"
"30220.0";"2.573014"
"30230.0";"2.543747"
"30240.0";"2.532507"
"30250.0";"2.506696"
"30260.0";"2.492946"
"30270.0";"2.556689"
"30280.0";"2.571174"
"30290.0";"2.534674"
"30300.0";"2.565818"
"30310.0";"2.540727"
"30320.0";"2.507153"
"30330.0";"2.58422"
"30340.0";"2.502605"
"30350.0";"2.490519"
"30360.0";"2.567925"
"30370.0";"2.573982"
"30380.0";"2.560591"
"30390.0";"2.521659"
"30400.0";"2.426922"
"30410.0";"2.57287"
"30420.0";"2.517867"
"30430.0";"2.521546"
"30440.0";"2.574569"
"30450.0";"2.541322"
"30460.0";"2.53391"
"30470.0";"2.512593"
"30480.0";"2.52531"
"30490.0";"2.546097"
"30500.0";"2.528077"
"30510.0";"2.502117"
"30520.0";"2.450283"
"30530.0";"2.483027"
"30540.0";"2.530971"
"30550.0";"2.480607"
"30560.0";"2.534747"
"30570.0";"2.513128"
"30580.0";"2.588987"
"30590.0";"2.553842"
"30600.0";"2.579137"
"30610.0";"2.614662"
"30620.0";"2.469507"
"30630.0";"2.54908"
"30640.0";"2.555631"
"30650.0";"2.623193"
"30660.0";"2.537786"
"30670.0";"2.587838"
"30680.0";"2.524754"
"30690.0";"2.521477"
"30700.0";"2.565731"
"30710.0";"2.563976"
"30720.0";"2.63321"
"30730.0";"2.740505"
"30740.0";"2.622032"
"30750.0";"2.784448"
"30760.0";"2.702999"
"30770.0";"2.623604"
"30780.0";"2.581115"
"30790.0";"2.596813"
"30800.0";"2.470451"
"30810.0";"2.572888"
"30820.0";"2.623417"
"30830.0";"2.613672"
"30840.0";"2.677705"
"30850.0";"2.504158"
"30860.0";"2.524079"
"30870.0";"2.579743"
"30880.0";"2.576035"
"30890.0";"2.549662"
"30900.0";"2.313083"
"30910.0";"2.418462"
"30920.0";"2.393257"
"30930.0";"2.53754"
"30940.0";"2.475275"
"30950.0";"2.451492"
"30960.0";"2.529417"
"30970.0";"2.503783"
"30980.0";"2.516576"
"30990.0";"2.485857"
"31000.0";"2.468223"
"31010.0";"2.587871"
"31020.0";"2.548605"
"31030.0";"2.488261"
"31040.0";"2.500556"
"31050.0";"2.457389"
"31060.0";"2.493683"
"31070.0";"2.360159"
"31080.0";"2.523712"
"31090.0";"2.4802"
"31100.0";"2.492607"
"31110.0";"2.518663"
"31120.0";"2.474519"
"31130.0";"2.543538"
"31140.0";"2.418944"
"31150.0";"2.572857"
"31160.0";"2.593269"
"31170.0";"2.586123"
"31180.0";"2.509967"
"31190.0";"2.516723"
"31200.0";"2.572219"
"31210.0";"2.534417"
"31220.0";"2.500536"
"31230.0";"2.593061"
"31240.0";"2.515093"
"31250.0";"2.519711"
"31260.0";"2.545013"
"31270.0";"2.503723"
"31280.0";"2.629332"
"31290.0";"2.535128"
"31300.0";"2.490243"
"31310.0";"2.498236"
"31320.0";"2.554666"
"31330.0";"2.578569"
"31340.0";"2.613997"
"31350.0";"2.540002"
"31360.0";"2.606254"
"31370.0";"2.509232"
"31380.0";"2.560223"
"31390.0";"2.654694"
"31400.0";"2.657599"
"31410.0";"2.625208"
"31420.0";"2.585196"
"31430.0";"2.578475"
"31440.0";"2.636036"
"31450.0";"2.527154"
"31460.0";"2.551096"
"31470.0";"2.52504"
"31480.0";"2.470964"
"31490.0";"2.464556"
"31500.0";"2.520502"
"31510.0";"2.509279"
"31520.0";"2.552324"
"31530.0";"2.598307"
"31540.0";"2.471347"
"31550.0";"2.522702"
"31560.0";"2.540051"
"31570.0";"2.616802"
"31580.0";"2.526173"
"31590.0";"2.525852"
"31600.0";"2.542255"
"31610.0";"2.485991"
"31620.0";"2.579141"
"31630.0";"2.534908"
"31640.0";"2.546633"
"31650.0";"2.527575"
"31660.0";"2.606655"
"31670.0";"2.576063"
"31680.0";"2.570135"
"31690.0";"2.597091"
"31700.0";"2.536155"
"31710.0";"2.490542"
"31720.0";"2.510206"
"31730.0";"2.544772"
"31740.0";"2.565248"
"31750.0";"2.528795"
"31760.0";"2.570406"
"31770.0";"2.533961"
"31780.0";"2.527876"
"31790.0";"2.626115"
"31800.0";"2.560755"
"31810.0";"2.597957"
"31820.0";"2.639345"
"31830.0";"2.539021"
"31840.0";"2.557844"
"31850.0";"2.547084"
"31860.0";"2.506421"
"31870.0";"2.502814"
"31880.0";"2.554499"
"31890.0";"2.455736"
"31900.0";"2.516925"
"31910.0";"2.493933"
"31920.0";"2.504515"
"31930.0";"2.482803"
"31940.0";"2.568341"
"31950.0";"2.601644"
"31960.0";"2.586566"
"31970.0";"2.4946"
"31980.0";"2.526823"
"31990.0";"2.587883"
"32000.0";"2.479682"
"32010.0";"2.424173"
"32020.0";"2.504692"
"32030.0";"2.537741"
"32040.0";"2.539727"
"32050.0";"2.461665"
"32060.0";"2.486647"
"32070.0";"2.498914"
"32080.0";"2.462276"
"32090.0";"2.544464"
"32100.0";"2.434543"
"32110.0";"2.499703"
"32120.0";"2.527225"
"32130.0";"2.472907"
"32140.0";"2.498792"
"32150.0";"2.500547"
"32160.0";"2.557423"
"32170.0";"2.493845"
"32180.0";"2.528593"
"32190.0";"2.596381"
"32200.0";"2.570122"
"32210.0";"2.485643"
"32220.0";"2.517229"
"32230.0";"2.558478"
"32240.0";"2.58998"
"32250.0";"2.59444"
"32260.0";"2.592037"
"32270.0";"2.525525"
"32280.0";"2.567277"
"32290.0";"2.521222"
"32300.0";"2.499135"
"32310.0";"2.530868"
"32320.0";"2.452724"
"32330.0";"2.419963"
"32340.0";"2.372687"
"32350.0";"2.407355"
"32360.0";"2.572181"
"32370.0";"2.489305"
"32380.0";"2.555185"
"32390.0";"2.585336"
"32400.0";"2.56363"
"32410.0";"2.456"
"32420.0";"2.557381"
"32430.0";"2.481198"
"32440.0";"2.503295"
"32450.0";"2.529361"
"32460.0";"2.513532"
"32470.0";"2.490403"
"32480.0";"2.552649"
"32490.0";"2.483014"
"32500.0";"2.516237"
"32510.0";"2.512985"
"32520.0";"2.595057"
"32530.0";"2.652669"
"32540.0";"2.521812"
"32550.0";"2.519991"
"32560.0";"2.572747"
"32570.0";"2.498286"
"32580.0";"2.531423"
"32590.0";"2.552624"
"32600.0";"2.467367"
"32610.0";"2.520448"
"32620.0";"2.503761"
"32630.0";"2.516365"
"32640.0";"2.471685"
"32650.0";"2.453731"
"32660.0";"2.565486"
"32670.0";"2.501696"
"32680.0";"2.492559"
"32690.0";"2.515654"
"32700.0";"2.591049"
"32710.0";"2.538109"
"32720.0";"2.539195"
"32730.0";"2.481578"
"32740.0";"2.487262"
"32750.0";"2.476331"
"32760.0";"2.408737"
"32770.0";"2.534603"
"32780.0";"2.585507"
"32790.0";"2.53323"
"32800.0";"2.523914"
"32810.0";"2.523261"
"32820.0";"2.502737"
"32830.0";"2.556312"
"32840.0";"2.473066"
"32850.0";"2.55722"
"32860.0";"2.572229"
"32870.0";"2.495222"
"32880.0";"2.483819"
"32890.0";"2.515828"
"32900.0";"2.444862"
"32910.0";"2.367819"
"32920.0";"2.355676"
"32930.0";"2.446703"
"32940.0";"2.44707"
"32950.0";"2.379875"
"32960.0";"2.452993"
"32970.0";"2.480125"
"32980.0";"2.425621"
"32990.0";"2.508709"
"33000.0";"2.484936"
"33010.0";"2.461587"
"33020.0";"2.434152"
"33030.0";"2.465936"
"33040.0";"2.504027"
"33050.0";"2.508011"
"33060.0";"2.480775"
"33070.0";"2.48716"
"33080.0";"2.408626"
"33090.0";"2.497106"
"33100.0";"2.451861"
"33110.0";"2.507248"
"33120.0";"2.509699"
"33130.0";"2.476066"
"33140.0";"2.478726"
"33150.0";"2.514235"
"33160.0";"2.356869"
"33170.0";"2.478624"
"33180.0";"2.403238"
"33190.0";"2.487937"
"33200.0";"2.364627"
"33210.0";"2.435686"
"33220.0";"2.449911"
"33230.0";"2.374045"
"33240.0";"2.400848"
"33250.0";"2.327456"
"33260.0";"2.313412"
"33270.0";"2.281632"
"33280.0";"2.294189"
"33290.0";"2.424101"
"33300.0";"2.379968"
"33310.0";"2.322535"
"33320.0";"2.381044"
"33330.0";"2.336987"
"33340.0";"2.281776"
"33350.0";"2.351559"
"33360.0";"2.364707"
"33370.0";"2.401409"
"33380.0";"2.523975"
"33390.0";"2.538037"
"33400.0";"2.598579"
"33410.0";"2.448167"
"33420.0";"2.51043"
"33430.0";"2.574708"
"33440.0";"2.430859"
"33450.0";"2.423899"
"33460.0";"2.466607"
"33470.0";"2.517387"
"33480.0";"2.523526"
"33490.0";"2.460327"
"33500.0";"2.476844"
"33510.0";"2.507918"
"33520.0";"2.51492"
"33530.0";"2.498195"
"33540.0";"2.531641"
"33550.0";"2.48397"
"33560.0";"2.475095"
"33570.0";"2.558135"
"33580.0";"2.513325"
"33590.0";"2.61503"
"33600.0";"2.443327"
"33610.0";"2.514562"
"33620.0";"2.491404"
"33630.0";"2.476009"
"33640.0";"2.515402"
"33650.0";"2.548873"
"33660.0";"2.436621"
"33670.0";"2.451533"
"33680.0";"2.520601"
"33690.0";"2.50678"
"33700.0";"2.396744"
"33710.0";"2.456437"
"33720.0";"2.421883"
"33730.0";"2.52539"
"33740.0";"2.397605"
"33750.0";"2.478402"
"33760.0";"2.471189"
"33770.0";"2.507694"
"33780.0";"2.518686"
"33790.0";"2.501824"
"33800.0";"2.420255"
"33810.0";"2.462211"
"33820.0";"2.470829"
"33830.0";"2.407462"
"33840.0";"2.466514"
"33850.0";"2.507021"
"33860.0";"2.578401"
"33870.0";"2.464064"
"33880.0";"2.512534"
"33890.0";"2.550945"
"33900.0";"2.536543"
"33910.0";"2.55911"
"33920.0";"2.43337"
"33930.0";"2.512769"
"33940.0";"2.539736"
"33950.0";"2.605696"
"33960.0";"2.674192"
"33970.0";"2.735568"
"33980.0";"2.682718"
"33990.0";"2.770195"
"34000.0";"2.66172"
"34010.0";"2.616818"
"34020.0";"2.672413"
"34030.0";"2.6861"
"34040.0";"2.635569"
"34050.0";"2.615374"
"34060.0";"2.663967"
"34070.0";"2.639138"
"34080.0";"2.58583"
"34090.0";"2.71475"
"34100.0";"2.590282"
"34110.0";"2.565641"
"34120.0";"2.688836"
"34130.0";"2.607041"
"34140.0";"2.653925"
"34150.0";"2.618098"
"34160.0";"2.600011"
"34170.0";"2.63746"
"34180.0";"2.658212"
"34190.0";"2.660423"
"34200.0";"2.68222"
"34210.0";"2.692122"
"34220.0";"2.645634"
"34230.0";"2.642094"
"34240.0";"2.677261"
"34250.0";"2.684867"
"34260.0";"2.680633"
"34270.0";"2.606494"
"34280.0";"2.623743"
"34290.0";"2.653324"
"34300.0";"2.658525"
"34310.0";"2.684146"
"34320.0";"2.684798"
"34330.0";"2.744812"
"34340.0";"2.656893"
"34350.0";"2.702894"
"34360.0";"2.70591"
"34370.0";"2.677929"
"34380.0";"2.66603"
"34390.0";"2.664598"
"34400.0";"2.651851"
"34410.0";"2.634383"
"34420.0";"2.670216"
"34430.0";"2.603669"
"34440.0";"2.557023"
"34450.0";"2.612291"
"34460.0";"2.644991"
"34470.0";"2.669503"
"34480.0";"2.668358"
"34490.0";"2.632005"
"34500.0";"2.717034"
"34510.0";"2.625653"
"34520.0";"2.714326"
"34530.0";"2.59094"
"34540.0";"2.626021"
"34550.0";"2.599754"
"34560.0";"2.599299"
"34570.0";"2.559924"
"34580.0";"2.620762"
"34590.0";"2.63458"
"34600.0";"2.461418"
"34610.0";"2.419299"
"34620.0";"2.561459"
"34630.0";"2.509191"
"34640.0";"2.560381"
"34650.0";"2.715105"
"34660.0";"2.680643"
"34670.0";"2.75226"
"34680.0";"2.751543"
"34690.0";"2.706678"
"34700.0";"2.584277"
"34710.0";"2.580054"
"34720.0";"2.639543"
"34730.0";"2.699855"
"34740.0";"2.694502"
"34750.0";"2.664202"
"34760.0";"2.677153"
"34770.0";"2.757336"
"34780.0";"2.613832"
"34790.0";"2.494539"
"34800.0";"2.494342"
"34810.0";"2.519153"
"34820.0";"2.542253"
"34830.0";"2.553067"
"34840.0";"2.671434"
"34850.0";"2.694467"
"34860.0";"2.54173"
"34870.0";"2.492188"
"34880.0";"2.490859"
"34890.0";"2.536425"
"34900.0";"2.54588"
"34910.0";"2.435574"
"34920.0";"2.52134"
"34930.0";"2.527612"
"34940.0";"2.581615"
"34950.0";"2.578094"
"34960.0";"2.564497"
"34970.0";"2.697802"
"34980.0";"2.560214"
"34990.0";"2.65588"
"35000.0";"2.611956"
"35010.0";"2.599199"
"35020.0";"2.653637"
"35030.0";"2.690433"
"35040.0";"2.566987"
"35050.0";"2.545109"
"35060.0";"2.592943"
"35070.0";"2.511194"
"35080.0";"2.431899"
"35090.0";"2.410427"
"35100.0";"2.49627"
"35110.0";"2.531255"
"35120.0";"2.524124"
"35130.0";"2.390278"
"35140.0";"2.545466"
"35150.0";"2.538709"
"35160.0";"2.561079"
"35170.0";"2.514346"
"35180.0";"2.523131"
"35190.0";"2.632403"
"35200.0";"2.48561"
"35210.0";"2.54666"
"35220.0";"2.549827"
"35230.0";"2.444084"
"35240.0";"2.57023"
"35250.0";"2.619173"
"35260.0";"2.676283"
"35270.0";"2.567953"
"35280.0";"2.545978"
"35290.0";"2.410372"
"35300.0";"2.499486"
"35310.0";"2.598122"
"35320.0";"2.482745"
"35330.0";"2.450256"
"35340.0";"2.491108"
"35350.0";"2.52656"
"35360.0";"2.414291"
"35370.0";"2.439448"
"35380.0";"2.518073"
"35390.0";"2.448987"
"35400.0";"2.465614"
"35410.0";"2.511166"
"35420.0";"2.503956"
"35430.0";"2.523933"
"35440.0";"2.534767"
"35450.0";"2.595903"
"35460.0";"2.559583"
"35470.0";"2.585449"
"35480.0";"2.552703"
"35490.0";"2.493589"
"35500.0";"2.520509"
"35510.0";"2.563605"
"35520.0";"2.581591"
"35530.0";"2.526474"
"35540.0";"2.624866"
"35550.0";"2.62937"
"35560.0";"2.638134"
"35570.0";"2.503023"
"35580.0";"2.557088"
"35590.0";"2.637087"
"35600.0";"2.585684"
"35610.0";"2.573151"
"35620.0";"2.587774"
"35630.0";"2.570727"
"35640.0";"2.58053"
"35650.0";"2.520618"
"35660.0";"2.681608"
"35670.0";"2.534369"
"35680.0";"2.536672"
"35690.0";"2.544394"
"35700.0";"2.611568"
"35710.0";"2.495609"
"35720.0";"2.612209"
"35730.0";"2.571469"
"35740.0";"2.508427"
"35750.0";"2.570334"
"35760.0";"2.473581"
"35770.0";"2.542332"
"35780.0";"2.570938"
"35790.0";"2.647204"
"35800.0";"2.655623"
"35810.0";"2.603385"
"35820.0";"2.582931"
"35830.0";"2.564279"
"35840.0";"2.519606"
"35850.0";"2.530015"
"35860.0";"2.487722"
"35870.0";"2.560396"
"35880.0";"2.472161"
"35890.0";"2.448169"
"35900.0";"2.455219"
"35910.0";"2.553094"
"35920.0";"2.461904"
"35930.0";"2.510558"
"35940.0";"2.537955"
"35950.0";"2.414925"
"35960.0";"2.439608"
"35970.0";"2.521108"
"35980.0";"2.629547"
"35990.0";"2.553255"
"36000.0";"2.696248"
"36010.0";"2.717752"
"36020.0";"2.733535"
"36030.0";"2.648113"
"36040.0";"2.705876"
"36050.0";"2.657565"
"36060.0";"2.807673"
"36070.0";"2.692429"
"36080.0";"2.679879"
"36090.0";"2.614196"
"36100.0";"2.598864"
"36110.0";"2.769268"
"36120.0";"2.780433"
"36130.0";"2.647778"
"36140.0";"2.56906"
"36150.0";"2.562157"
"36160.0";"2.654203"
"36170.0";"2.625102"
"36180.0";"2.685522"
"36190.0";"2.698832"
"36200.0";"2.685039"
"36210.0";"2.691606"
"36220.0";"2.566648"
"36230.0";"2.495323"
"36240.0";"2.435069"
"36250.0";"2.488279"
"36260.0";"2.44743"
"36270.0";"2.573698"
"36280.0";"2.644089"
"36290.0";"2.589364"
"36300.0";"2.529911"
"36310.0";"2.507977"
"36320.0";"2.591533"
"36330.0";"2.579168"
"36340.0";"2.724293"
"36350.0";"2.765329"
"36360.0";"2.820166"
"36370.0";"2.632114"
"36380.0";"2.779241"
"36390.0";"2.735898"
"36400.0";"2.780777"
"36410.0";"2.830971"
"36420.0";"2.835363"
"36430.0";"2.796306"
"36440.0";"2.755127"
"36450.0";"2.649023"
"36460.0";"2.644317"
"36470.0";"2.71695"
"36480.0";"2.694213"
"36490.0";"2.726556"
"36500.0";"2.676759"
"36510.0";"2.778988"
"36520.0";"2.778931"
"36530.0";"2.755961"
"36540.0";"2.740713"
"36550.0";"2.62053"
"36560.0";"2.662533"
"36570.0";"2.700433"
"36580.0";"2.689916"
"36590.0";"2.53165"
"36600.0";"2.575843"
"36610.0";"2.511752"
"36620.0";"2.499206"
"36630.0";"2.60706"
"36640.0";"2.551095"
"36650.0";"2.600779"
"36660.0";"2.595124"
"36670.0";"2.491315"
"36680.0";"2.63207"
"36690.0";"2.554921"
"36700.0";"2.45143"
"36710.0";"2.536414"
"36720.0";"2.589855"
"36730.0";"2.592201"
"36740.0";"2.559049"
"36750.0";"2.641155"
"36760.0";"2.6368"
"36770.0";"2.659538"
"36780.0";"2.629124"
"36790.0";"2.579806"
"36800.0";"2.531143"
"36810.0";"2.618565"
"36820.0";"2.657252"
"36830.0";"2.569302"
"36840.0";"2.633115"
"36850.0";"2.639301"
"36860.0";"2.597518"
"36870.0";"2.615745"
"36880.0";"2.666669"
"36890.0";"2.597814"
"36900.0";"2.628556"
"36910.0";"2.63378"
"36920.0";"2.642809"
"36930.0";"2.680559"
"36940.0";"2.629818"
"36950.0";"2.585947"
"36960.0";"2.682944"
"36970.0";"2.620982"
"36980.0";"2.59733"
"36990.0";"2.561216"
"37000.0";"2.574952"
"37010.0";"2.451175"
"37020.0";"2.508617"
"37030.0";"2.586068"
"37040.0";"2.567968"
"37050.0";"2.52128"
"37060.0";"2.511754"
"37070.0";"2.56114"
"37080.0";"2.500757"
"37090.0";"2.524866"
"37100.0";"2.534256"
"37110.0";"2.559445"
"37120.0";"2.547614"
"37130.0";"2.615664"
"37140.0";"2.622951"
"37150.0";"2.654408"
"37160.0";"2.62864"
"37170.0";"2.527763"
"37180.0";"2.515993"
"37190.0";"2.678568"
"37200.0";"2.532909"
"37210.0";"2.52122"
"37220.0";"2.554095"
"37230.0";"2.595772"
"37240.0";"2.548723"
"37250.0";"2.521362"
"37260.0";"2.564825"
"37270.0";"2.543418"
"37280.0";"2.621316"
"37290.0";"2.561237"
"37300.0";"2.687778"
"37310.0";"2.570501"
"37320.0";"2.691742"
"37330.0";"2.560228"
"37340.0";"2.655876"
"37350.0";"2.680032"
"37360.0";"2.591411"
"37370.0";"2.663005"
"37380.0";"2.65049"
"37390.0";"2.59078"
"37400.0";"2.628798"
"37410.0";"2.505651"
"37420.0";"2.671264"
"37430.0";"2.427041"
"37440.0";"2.48122"
"37450.0";"2.492765"
"37460.0";"2.547809"
"37470.0";"2.551059"
"37480.0";"2.557375"
"37490.0";"2.519019"
"37500.0";"2.483958"
"37510.0";"2.47166"
"37520.0";"2.441856"
"37530.0";"2.407224"
"37540.0";"2.446983"
"37550.0";"2.496666"
"37560.0";"2.420299"
"37570.0";"2.524265"
"37580.0";"2.535662"
"37590.0";"2.46837"
"37600.0";"2.475382"
"37610.0";"2.449366"
"37620.0";"2.455157"
"37630.0";"2.55316"
"37640.0";"2.469932"
"37650.0";"2.493217"
"37660.0";"2.463784"
"37670.0";"2.4784"
"37680.0";"2.476693"
"37690.0";"2.437326"
"37700.0";"2.431287"
"37710.0";"2.448422"
"37720.0";"2.489548"
"37730.0";"2.598954"
"37740.0";"2.712674"
"37750.0";"2.620857"
"37760.0";"2.642784"
"37770.0";"2.676773"
"37780.0";"2.744956"
"37790.0";"2.604776"
"37800.0";"2.686112"
"37810.0";"2.609079"
"37820.0";"2.594064"
"37830.0";"2.614542"
"37840.0";"2.635736"
"37850.0";"2.646233"
"37860.0";"2.508139"
"37870.0";"2.619537"
"37880.0";"2.590641"
"37890.0";"2.546648"
"37900.0";"2.505038"
"37910.0";"2.567669"
"37920.0";"2.480408"
"37930.0";"2.635709"
"37940.0";"2.688664"
"37950.0";"2.605069"
"37960.0";"2.593871"
"37970.0";"2.609685"
"37980.0";"2.610818"
"37990.0";"2.594878"
"38000.0";"2.646484"
"38010.0";"2.628929"
"38020.0";"2.60728"
"38030.0";"2.639319"
"38040.0";"2.550449"
"38050.0";"2.564935"
"38060.0";"2.461224"
"38070.0";"2.400477"
"38080.0";"2.380024"
"38090.0";"2.414373"
"38100.0";"2.49214"
"38110.0";"2.492886"
"38120.0";"2.579675"
"38130.0";"2.5202"
"38140.0";"2.42883"
"38150.0";"2.385987"
"38160.0";"2.472781"
"38170.0";"2.497847"
"38180.0";"2.58145"
"38190.0";"2.428326"
"38200.0";"2.558299"
"38210.0";"2.492673"
"38220.0";"2.630059"
"38230.0";"2.631045"
"38240.0";"2.459989"
"38250.0";"2.544736"
"38260.0";"2.65216"
"38270.0";"2.612711"
"38280.0";"2.6168"
"38290.0";"2.58197"
"38300.0";"2.575366"
"38310.0";"2.486521"
"38320.0";"2.481154"
"38330.0";"2.442251"
"38340.0";"2.522733"
"38350.0";"2.595205"
"38360.0";"2.58378"
"38370.0";"2.57603"
"38380.0";"2.567933"
"38390.0";"2.555838"
"38400.0";"2.595603"
"38410.0";"2.638396"
"38420.0";"2.4955"
"38430.0";"2.457649"
"38440.0";"2.429592"
"38450.0";"2.480591"
"38460.0";"2.446662"
"38470.0";"2.522715"
"38480.0";"2.539703"
"38490.0";"2.533135"
"38500.0";"2.442582"
"38510.0";"2.434039"
"38520.0";"2.510584"
"38530.0";"2.404605"
"38540.0";"2.458124"
"38550.0";"2.493875"
"38560.0";"2.473881"
"38570.0";"2.544477"
"38580.0";"2.432714"
"38590.0";"2.498395"
"38600.0";"2.424152"
"38610.0";"2.482563"
"38620.0";"2.433787"
"38630.0";"2.457346"
"38640.0";"2.625793"
"38650.0";"2.744029"
"38660.0";"2.653036"
"38670.0";"2.654125"
"38680.0";"2.48593"
"38690.0";"2.483139"
"38700.0";"2.396152"
"38710.0";"2.475591"
"38720.0";"2.5702"
"38730.0";"2.606315"
"38740.0";"2.472505"
"38750.0";"2.511681"
"38760.0";"2.56961"
"38770.0";"2.529493"
"38780.0";"2.469424"
"38790.0";"2.406914"
"38800.0";"2.415581"
"38810.0";"2.495403"
"38820.0";"2.491277"
"38830.0";"2.60929"
"38840.0";"2.692721"
"38850.0";"2.541678"
"38860.0";"2.635671"
"38870.0";"2.591126"
"38880.0";"2.630937"
"38890.0";"2.615077"
"38900.0";"2.5745"
"38910.0";"2.597118"
"38920.0";"2.633884"
"38930.0";"2.6594"
"38940.0";"2.599998"
"38950.0";"2.623538"
"38960.0";"2.662905"
"38970.0";"2.704413"
"38980.0";"2.739002"
"38990.0";"2.651986"
"39000.0";"2.696056"
"39010.0";"2.620494"
"39020.0";"2.569728"
"39030.0";"2.616691"
"39040.0";"2.615391"
"39050.0";"2.660042"
"39060.0";"2.60077"
"39070.0";"2.694263"
"39080.0";"2.672152"
"39090.0";"2.680201"
"39100.0";"2.601528"
"39110.0";"2.630418"
"39120.0";"2.578547"
"39130.0";"2.63388"
"39140.0";"2.545881"
"39150.0";"2.657005"
"39160.0";"2.638264"
"39170.0";"2.618526"
"39180.0";"2.786115"
"39190.0";"2.70556"
"39200.0";"2.538629"
"39210.0";"2.592183"
"39220.0";"2.551462"
"39230.0";"2.465276"
"39240.0";"2.544507"
"39250.0";"2.589411"
"39260.0";"2.636165"
"39270.0";"2.575325"
"39280.0";"2.567695"
"39290.0";"2.561454"
"39300.0";"2.641497"
"39310.0";"2.616721"
"39320.0";"2.566424"
"39330.0";"2.523319"
"39340.0";"2.494334"
"39350.0";"2.556271"
"39360.0";"2.501245"
"39370.0";"2.521779"
"39380.0";"2.581436"
"39390.0";"2.510017"
"39400.0";"2.538311"
"39410.0";"2.505727"
"39420.0";"2.57897"
"39430.0";"2.508942"
"39440.0";"2.464905"
"39450.0";"2.443816"
"39460.0";"2.454553"
"39470.0";"2.50547"
"39480.0";"2.488697"
"39490.0";"2.544935"
"39500.0";"2.55057"
"39510.0";"2.469407"
"39520.0";"2.479656"
"39530.0";"2.414067"
"39540.0";"2.442153"
"39550.0";"2.567856"
"39560.0";"2.384465"
"39570.0";"2.429804"
"39580.0";"2.436513"
"39590.0";"2.368977"
"39600.0";"2.463121"
"39610.0";"2.467267"
"39620.0";"2.384322"
"39630.0";"2.331352"
"39640.0";"2.363599"
"39650.0";"2.437164"
"39660.0";"2.492929"
"39670.0";"2.474797"
"39680.0";"2.505202"
"39690.0";"2.527735"
"39700.0";"2.507929"
"39710.0";"2.556655"
"39720.0";"2.54308"
"39730.0";"2.508648"
"39740.0";"2.542902"
"39750.0";"2.528267"
"39760.0";"2.47135"
"39770.0";"2.52782"
"39780.0";"2.558846"
"39790.0";"2.5165"
"39800.0";"2.49873"
"39810.0";"2.54821"
"39820.0";"2.565305"
"39830.0";"2.426337"
"39840.0";"2.45897"
"39850.0";"2.492421"
"39860.0";"2.567276"
"39870.0";"2.635327"
"39880.0";"2.527341"
"39890.0";"2.544421"
"39900.0";"2.508523"
"39910.0";"2.451827"
"39920.0";"2.613042"
"39930.0";"2.620233"
"39940.0";"2.696918"
"39950.0";"2.586754"
"39960.0";"2.554143"
"39970.0";"2.450105"
"39980.0";"2.489591"
"39990.0";"2.521944"
"40000.0";"2.555097"
"40010.0";"2.502414"
"40020.0";"2.516032"
"40030.0";"2.541064"
"40040.0";"2.659595"
"40050.0";"2.539093"
"40060.0";"2.550208"
"40070.0";"2.5215"
"40080.0";"2.504164"
"40090.0";"2.519455"
"40100.0";"2.491249"
"40110.0";"2.601898"
"40120.0";"2.647501"
"40130.0";"2.656748"
"40140.0";"2.6391"
"40150.0";"2.625922"
"40160.0";"2.592604"
"40170.0";"2.61995"
"40180.0";"2.592509"
"40190.0";"2.700202"
"40200.0";"2.555582"
"40210.0";"2.691982"
"40220.0";"2.599895"
"40230.0";"2.626116"
"40240.0";"2.694422"
"40250.0";"2.683798"
"40260.0";"2.751112"
"40270.0";"2.674896"
"40280.0";"2.800913"
"40290.0";"2.688717"
"40300.0";"2.68245"
"40310.0";"2.71716"
"40320.0";"2.741846"
"40330.0";"2.701343"
"40340.0";"2.74382"
"40350.0";"2.299243"
"40360.0";"2.447523"
"40370.0";"2.39045"
"40380.0";"2.422227"
"40390.0";"2.375504"
"40400.0";"2.500785"
"40410.0";"2.28257"
"40420.0";"2.40496"
"40430.0";"2.397561"
"40440.0";"2.382905"
"40450.0";"2.532102"
"40460.0";"2.517046"
"40470.0";"2.445565"
"40480.0";"2.482965"
"40490.0";"2.322503"
"40500.0";"2.428932"
"40510.0";"2.606012"
"40520.0";"2.704427"
"40530.0";"2.825907"
"40540.0";"2.826459"
"40550.0";"2.715385"
"40560.0";"2.828454"
"40570.0";"2.764633"
"40580.0";"2.779472"
"40590.0";"2.606213"
"40600.0";"2.680961"
"40610.0";"2.527065"
"40620.0";"2.593043"
"40630.0";"2.612112"
"40640.0";"2.605792"
"40650.0";"2.530892"
"40660.0";"2.411939"
"40670.0";"2.696181"
"40680.0";"2.540902"
"40690.0";"2.422498"
"40700.0";"2.512282"
"40710.0";"2.54285"
"40720.0";"2.79147"
"40730.0";"2.581291"
"40740.0";"2.557329"
"40750.0";"2.449384"
"40760.0";"2.403816"
"40770.0";"2.324837"
"40780.0";"2.216045"
"40790.0";"2.280776"
"40800.0";"2.273928"
"40810.0";"2.322611"
"40820.0";"2.244828"
"40830.0";"2.721524"
"40840.0";"2.523966"
"40850.0";"2.348411"
"40860.0";"2.449171"
"40870.0";"2.336153"
"40880.0";"2.27502"
"40890.0";"2.094471"
"40900.0";"2.245537"
"40910.0";"2.184519"
"40920.0";"2.153934"
"40930.0";"2.29762"
"40940.0";"2.250983"
"40950.0";"2.244675"
"40960.0";"2.078334"
"40970.0";"2.217345"
"40980.0";"2.149857"
"40990.0";"2.175053"
"41000.0";"2.133469"
"41010.0";"2.057466"
"41020.0";"2.099941"
"41030.0";"2.200112"
"41040.0";"2.164426"
"41050.0";"2.112173"
"41060.0";"2.172793"
"41070.0";"2.130097"
"41080.0";"2.145015"
"41090.0";"2.200277"
"41100.0";"2.187639"
"41110.0";"2.112433"
"41120.0";"2.067711"
"41130.0";"2.096507"
"41140.0";"2.107762"
"41150.0";"2.229308"
"41160.0";"2.144446"
"41170.0";"2.177361"
"41180.0";"2.293361"
"41190.0";"2.296209"
"41200.0";"2.303593"
"41210.0";"2.094906"
"41220.0";"2.155715"
"41230.0";"2.053871"
"41240.0";"2.115696"
"41250.0";"2.175348"
"41260.0";"2.41286"
"41270.0";"2.482717"
"41280.0";"2.408637"
"41290.0";"2.370101"
"41300.0";"2.244706"
"41310.0";"2.316331"
"41320.0";"2.239637"
"41330.0";"2.407457"
"41340.0";"2.165176"
"41350.0";"2.107947"
"41360.0";"2.185798"
"41370.0";"2.143088"
"41380.0";"2.016881"
"41390.0";"2.149883"
"41400.0";"2.092389"
"41410.0";"2.131466"
"41420.0";"2.083901"
"41430.0";"2.086648"
"41440.0";"2.090631"
"41450.0";"2.174661"
"41460.0";"2.10684"
"41470.0";"2.143843"
"41480.0";"2.130035"
"41490.0";"2.169105"
"41500.0";"2.234409"
"41510.0";"2.214527"
"41520.0";"2.137922"
"41530.0";"2.170311"
"41540.0";"2.220326"
"41550.0";"2.18089"
"41560.0";"2.121324"
"41570.0";"2.134238"
"41580.0";"2.023679"
"41590.0";"2.130046"
"41600.0";"2.110207"
"41610.0";"2.191324"
"41620.0";"2.092895"
"41630.0";"2.118178"
"41640.0";"2.083383"
"41650.0";"2.160072"
"41660.0";"2.075882"
"41670.0";"2.137682"
"41680.0";"2.186354"
"41690.0";"2.096076"
"41700.0";"2.142157"
"41710.0";"2.130463"
"41720.0";"2.113943"
"41730.0";"2.181245"
"41740.0";"2.194541"
"41750.0";"2.129892"
"41760.0";"2.26502"
"41770.0";"2.277181"
"41780.0";"2.264806"
"41790.0";"2.326822"
"41800.0";"2.303668"
"41810.0";"2.220716"
"41820.0";"2.198465"
"41830.0";"2.244195"
"41840.0";"2.185238"
"41850.0";"2.221705"
"41860.0";"2.127817"
"41870.0";"2.170891"
"41880.0";"2.113725"
"41890.0";"2.090633"
"41900.0";"2.137364"
"41910.0";"2.116697"
"41920.0";"2.169771"
"41930.0";"2.154839"
"41940.0";"2.176401"
"41950.0";"2.165184"
"41960.0";"2.107102"
"41970.0";"2.045683"
"41980.0";"1.999202"
"41990.0";"2.099987"
"42000.0";"2.150306"
"42010.0";"2.018701"
"42020.0";"2.085209"
"42030.0";"2.225991"
"42040.0";"2.321014"
"42050.0";"2.171107"
"42060.0";"2.129619"
"42070.0";"2.163507"
"42080.0";"2.217051"
"42090.0";"2.162395"
"42100.0";"2.141426"
"42110.0";"2.263409"
"42120.0";"2.193411"
"42130.0";"2.188143"
"42140.0";"2.223555"
"42150.0";"2.17224"
"42160.0";"2.087945"
"42170.0";"2.158433"
"42180.0";"2.167329"
"42190.0";"2.140505"
"42200.0";"2.060995"
"42210.0";"2.131538"
"42220.0";"2.186543"
"42230.0";"2.120895"
"42240.0";"2.250659"
"42250.0";"2.166833"
"42260.0";"2.18872"
"42270.0";"2.356664"
"42280.0";"2.321829"
"42290.0";"2.239102"
"42300.0";"2.241208"
"42310.0";"2.156924"
"42320.0";"2.217756"
"42330.0";"2.123974"
"42340.0";"2.064297"
"42350.0";"2.156757"
"42360.0";"2.15201"
"42370.0";"2.105642"
"42380.0";"2.165813"
"42390.0";"2.153485"
"42400.0";"2.191702"
"42410.0";"2.227556"
"42420.0";"2.127293"
"42430.0";"2.228402"
"42440.0";"2.153547"
"42450.0";"2.162414"
"42460.0";"2.171827"
"42470.0";"2.147153"
"42480.0";"2.137507"
"42490.0";"2.145852"
"42500.0";"2.206761"
"42510.0";"2.191284"
"42520.0";"2.168475"
"42530.0";"2.163001"
"42540.0";"2.147386"
"42550.0";"2.119294"
"42560.0";"2.106668"
"42570.0";"2.145782"
"42580.0";"2.149102"
"42590.0";"2.112703"
"42600.0";"2.128715"
"42610.0";"2.146248"
"42620.0";"2.157616"
"42630.0";"2.222117"
"42640.0";"2.161934"
"42650.0";"2.272928"
"42660.0";"2.185301"
"42670.0";"2.165622"
"42680.0";"2.188543"
"42690.0";"2.213582"
"42700.0";"2.098155"
"42710.0";"2.093564"
"42720.0";"2.140688"
"42730.0";"2.032485"
"42740.0";"2.071011"
"42750.0";"2.056089"
"42760.0";"2.053429"
"42770.0";"1.953946"
"42780.0";"2.164505"
"42790.0";"2.103084"
"42800.0";"2.016362"
"42810.0";"2.026394"
"42820.0";"2.033925"
"42830.0";"2.144402"
"42840.0";"2.067744"
"42850.0";"2.071141"
"42860.0";"2.042338"
"42870.0";"2.013019"
"42880.0";"1.971028"
"42890.0";"2.100053"
"42900.0";"2.08376"
"42910.0";"2.104087"
"42920.0";"2.160226"
"42930.0";"2.196702"
"42940.0";"2.181979"
"42950.0";"2.230913"
"42960.0";"2.209518"
"42970.0";"2.119207"
"42980.0";"2.121952"
"42990.0";"2.114698"
"43000.0";"2.078828"
"43010.0";"1.988582"
"43020.0";"1.966374"
"43030.0";"2.077645"
"43040.0";"1.958928"
"43050.0";"1.961257"
"43060.0";"2.123253"
"43070.0";"2.090527"
"43080.0";"2.078115"
"43090.0";"2.125857"
"43100.0";"2.178135"
"43110.0";"2.097463"
"43120.0";"1.994426"
"43130.0";"2.105317"
"43140.0";"2.086264"
"43150.0";"2.070512"
"43160.0";"2.181534"
"43170.0";"2.135739"
"43180.0";"2.040833"
"43190.0";"2.092261"
"43200.0";"2.070215"
"43210.0";"2.205716"
"43220.0";"2.16183"
"43230.0";"2.185877"
"43240.0";"2.101458"
"43250.0";"2.053189"
"43260.0";"2.024157"
"43270.0";"2.14402"
"43280.0";"2.058168"
"43290.0";"2.051642"
"43300.0";"2.022365"
"43310.0";"2.156804"
"43320.0";"2.198918"
"43330.0";"2.213406"
"43340.0";"2.514033"
"43350.0";"2.34874"
"43360.0";"2.2737"
"43370.0";"2.239428"
"43380.0";"2.25099"
"43390.0";"2.147336"
"43400.0";"2.250101"
"43410.0";"2.112529"
"43420.0";"2.255832"
"43430.0";"2.332226"
"43440.0";"2.367558"
"43450.0";"2.346163"
"43460.0";"2.349718"
"43470.0";"2.290562"
"43480.0";"2.293914"
"43490.0";"2.280498"
"43500.0";"2.127616"
"43510.0";"2.147242"
"43520.0";"2.197495"
"43530.0";"2.139561"
"43540.0";"2.127861"
"43550.0";"2.152943"
"43560.0";"2.160187"
"43570.0";"2.241006"
"43580.0";"2.246802"
"43590.0";"2.170338"
"43600.0";"2.15552"
"43610.0";"2.255973"
"43620.0";"2.377929"
"43630.0";"2.395514"
"43640.0";"2.428736"
"43650.0";"2.463801"
"43660.0";"2.456944"
"43670.0";"2.299796"
"43680.0";"2.229903"
"43690.0";"2.302536"
"43700.0";"2.33839"
"43710.0";"2.33578"
"43720.0";"2.215239"
"43730.0";"2.230993"
"43740.0";"2.135105"
"43750.0";"2.281959"
"43760.0";"2.346835"
"43770.0";"2.255603"
"43780.0";"2.21857"
"43790.0";"2.23707"
"43800.0";"2.233801"
"43810.0";"2.191327"
"43820.0";"2.14164"
"43830.0";"2.158364"
"43840.0";"2.193776"
"43850.0";"2.324344"
"43860.0";"2.399747"
"43870.0";"2.468122"
"43880.0";"2.379224"
"43890.0";"2.395007"
"43900.0";"2.364765"
"43910.0";"2.297882"
"43920.0";"2.411986"
"43930.0";"2.420937"
"43940.0";"2.308437"
"43950.0";"2.369401"
"43960.0";"2.471654"
"43970.0";"2.530617"
"43980.0";"2.351851"
"43990.0";"2.521192"
"44000.0";"2.518767"
"44010.0";"2.573827"
"44020.0";"2.511286"
"44030.0";"2.398345"
"44040.0";"2.435789"
"44050.0";"2.478662"
"44060.0";"2.492437"
"44070.0";"2.306559"
"44080.0";"2.297979"
"44090.0";"2.223638"
"44100.0";"2.357129"
"44110.0";"2.480877"
"44120.0";"2.287082"
"44130.0";"2.451617"
"44140.0";"2.410767"
"44150.0";"2.403416"
"44160.0";"2.271895"
"44170.0";"2.157439"
"44180.0";"2.398472"
"44190.0";"2.461538"
"44200.0";"2.295052"
"44210.0";"2.345441"
"44220.0";"2.401397"
"44230.0";"2.423718"
"44240.0";"2.337125"
"44250.0";"2.23607"
"44260.0";"2.086313"
"44270.0";"2.104917"
"44280.0";"2.096885"
"44290.0";"2.062414"
"44300.0";"2.046889"
"44310.0";"2.063961"
"44320.0";"2.10425"
"44330.0";"2.051637"
"44340.0";"2.034204"
"44350.0";"1.969042"
"44360.0";"2.084177"
"44370.0";"1.89459"
"44380.0";"1.995909"
"44390.0";"2.085845"
"44400.0";"2.105418"
"44410.0";"2.1384"
"44420.0";"2.159801"
"44430.0";"2.273009"
"44440.0";"2.232054"
"44450.0";"2.152341"
"44460.0";"2.09175"
"44470.0";"2.100432"
"44480.0";"2.039583"
"44490.0";"2.067692"
"44500.0";"2.131256"
"44510.0";"2.114506"
"44520.0";"2.125706"
"44530.0";"2.164632"
"44540.0";"2.156647"
"44550.0";"2.034615"
"44560.0";"2.016174"
"44570.0";"2.009024"
"44580.0";"2.058885"
"44590.0";"2.072661"
"44600.0";"1.971049"
"44610.0";"2.022294"
"44620.0";"1.948946"
"44630.0";"1.961534"
"44640.0";"1.99484"
"44650.0";"2.011392"
"44660.0";"2.09245"
"44670.0";"2.090873"
"44680.0";"2.09294"
"44690.0";"2.007895"
"44700.0";"2.008293"
"44710.0";"2.008743"
"44720.0";"2.019546"
"44730.0";"2.073247"
"44740.0";"1.937296"
"44750.0";"1.966246"
"44760.0";"2.048232"
"44770.0";"1.953982"
"44780.0";"1.980123"
"44790.0";"1.965687"
"44800.0";"1.919654"
"44810.0";"1.980749"
"44820.0";"2.067556"
"44830.0";"2.023195"
"44840.0";"2.091083"
"44850.0";"1.972577"
"44860.0";"1.987857"
"44870.0";"2.049037"
"44880.0";"2.000592"
"44890.0";"2.000643"
"44900.0";"2.018746"
"44910.0";"2.072549"
"44920.0";"2.110046"
"44930.0";"2.038433"
"44940.0";"1.989632"
"44950.0";"1.935359"
"44960.0";"2.118375"
"44970.0";"1.996924"
"44980.0";"2.059577"
"44990.0";"1.908881"
"45000.0";"2.091791"
"45010.0";"2.150323"
"45020.0";"2.087927"
"45030.0";"2.14136"
"45040.0";"2.100025"
"45050.0";"2.116884"
"45060.0";"2.051647"
"45070.0";"2.035356"
"45080.0";"2.071205"
"45090.0";"2.071507"
"45100.0";"2.031855"
"45110.0";"2.116036"
"45120.0";"2.022031"
"45130.0";"2.007306"
"45140.0";"2.010507"
"45150.0";"2.1042"
"45160.0";"2.009506"
"45170.0";"2.094249"
"45180.0";"2.117779"
"45190.0";"2.140857"
"45200.0";"2.016923"
"45210.0";"2.118223"
"45220.0";"2.241855"
"45230.0";"2.112028"
"45240.0";"2.19047"
"45250.0";"2.162368"
"45260.0";"2.139961"
"45270.0";"2.142137"
"45280.0";"2.220498"
"45290.0";"2.14167"
"45300.0";"2.149961"
"45310.0";"2.140859"
"45320.0";"2.079582"
"45330.0";"2.149468"
"45340.0";"2.130347"
"45350.0";"2.145335"
"45360.0";"2.098119"
"45370.0";"2.15278"
"45380.0";"2.180837"
"45390.0";"2.153937"
"45400.0";"2.173244"
"45410.0";"2.095905"
"45420.0";"1.988651"
"45430.0";"2.029381"
"45440.0";"2.110881"
"45450.0";"2.062121"
"45460.0";"2.061588"
"45470.0";"2.100508"
"45480.0";"2.156895"
"45490.0";"2.079845"
"45500.0";"2.134398"
"45510.0";"2.107686"
"45520.0";"2.174586"
"45530.0";"2.083304"
"45540.0";"2.141425"
"45550.0";"2.077436"
"45560.0";"2.074003"
"45570.0";"2.023997"
"45580.0";"2.060772"
"45590.0";"2.106747"
"45600.0";"2.13079"
"45610.0";"2.135339"
"45620.0";"2.067975"
"45630.0";"2.069103"
"45640.0";"2.103674"
"45650.0";"2.048852"
"45660.0";"1.960548"
"45670.0";"2.103909"
"45680.0";"2.131269"
"45690.0";"2.021794"
"45700.0";"2.080562"
"45710.0";"2.088705"
"45720.0";"2.072484"
"45730.0";"2.11588"
"45740.0";"2.087242"
"45750.0";"2.044614"
"45760.0";"2.060467"
"45770.0";"2.013989"
"45780.0";"2.012854"
"45790.0";"2.085671"
"45800.0";"2.087508"
"45810.0";"2.020689"
"45820.0";"2.080329"
"45830.0";"2.101834"
"45840.0";"2.041503"
"45850.0";"2.043529"
"45860.0";"1.953615"
"45870.0";"1.929351"
"45880.0";"1.995574"
"45890.0";"1.978762"
"45900.0";"2.054949"
"45910.0";"2.064449"
"45920.0";"2.05284"
"45930.0";"2.114989"
"45940.0";"2.190784"
"45950.0";"2.087501"
"45960.0";"2.03278"
"45970.0";"2.201651"
"45980.0";"2.109218"
"45990.0";"2.142478"
"46000.0";"2.153797"
"46010.0";"2.137426"
"46020.0";"2.217236"
"46030.0";"2.119776"
"46040.0";"2.100306"
"46050.0";"2.089147"
"46060.0";"1.985728"
"46070.0";"2.153303"
"46080.0";"2.10565"
"46090.0";"2.163363"
"46100.0";"2.170631"
"46110.0";"2.088136"
"46120.0";"2.071869"
"46130.0";"1.98807"
"46140.0";"2.017914"
"46150.0";"2.108873"
"46160.0";"2.174975"
"46170.0";"2.042398"
"46180.0";"2.081179"
"46190.0";"2.11832"
"46200.0";"2.049446"
"46210.0";"2.075803"
"46220.0";"2.092341"
"46230.0";"2.049937"
"46240.0";"2.097027"
"46250.0";"2.122112"
"46260.0";"2.146945"
"46270.0";"2.090744"
"46280.0";"2.072829"
"46290.0";"2.073936"
"46300.0";"2.11667"
"46310.0";"2.061198"
"46320.0";"2.044311"
"46330.0";"2.03956"
"46340.0";"2.104252"
"46350.0";"2.136853"
"46360.0";"2.079753"
"46370.0";"2.026458"
"46380.0";"2.074856"
"46390.0";"2.16517"
"46400.0";"2.061107"
"46410.0";"2.12079"
"46420.0";"2.055825"
"46430.0";"2.108597"
"46440.0";"2.147181"
"46450.0";"2.07204"
"46460.0";"2.090114"
"46470.0";"2.135154"
"46480.0";"2.113383"
"46490.0";"2.10864"
"46500.0";"2.039442"
"46510.0";"1.959199"
"46520.0";"2.014582"
"46530.0";"1.945294"
"46540.0";"1.828558"
"46550.0";"1.915923"
"46560.0";"1.924398"
"46570.0";"2.032172"
"46580.0";"2.017125"
"46590.0";"2.102473"
"46600.0";"2.098429"
"46610.0";"2.026431"
"46620.0";"2.10568"
"46630.0";"2.001529"
"46640.0";"2.017601"
"46650.0";"2.022045"
"46660.0";"2.073084"
"46670.0";"2.151321"
"46680.0";"2.119887"
"46690.0";"2.085832"
"46700.0";"2.092413"
"46710.0";"2.103126"
"46720.0";"2.107781"
"46730.0";"1.972917"
"46740.0";"2.08303"
"46750.0";"2.10331"
"46760.0";"2.065315"
"46770.0";"2.023156"
"46780.0";"2.083798"
"46790.0";"2.072991"
"46800.0";"2.046728"
"46810.0";"2.085192"
"46820.0";"2.059852"
"46830.0";"2.032349"
"46840.0";"2.125023"
"46850.0";"2.089465"
"46860.0";"2.074119"
"46870.0";"2.091974"
"46880.0";"2.073047"
"46890.0";"2.112262"
"46900.0";"2.072237"
"46910.0";"2.115397"
"46920.0";"2.058064"
"46930.0";"2.104489"
"46940.0";"2.059608"
"46950.0";"2.061275"
"46960.0";"2.163024"
"46970.0";"2.115954"
"46980.0";"2.124362"
"46990.0";"2.161014"
"47000.0";"2.266688"
"47010.0";"2.337535"
"47020.0";"2.439088"
"47030.0";"2.423302"
"47040.0";"2.366519"
"47050.0";"2.445056"
"47060.0";"2.446221"
"47070.0";"2.532907"
"47080.0";"2.395015"
"47090.0";"2.57594"
"47100.0";"2.57091"
"47110.0";"2.662309"
"47120.0";"2.691169"
"47130.0";"2.6804"
"47140.0";"2.624178"
"47150.0";"2.516987"
"47160.0";"2.545049"
"47170.0";"2.405828"
"47180.0";"2.332183"
"47190.0";"2.448035"
"47200.0";"2.474109"
"47210.0";"2.347055"
"47220.0";"2.204052"
"47230.0";"2.260433"
"47240.0";"2.210811"
"47250.0";"2.291596"
"47260.0";"2.308763"
"47270.0";"2.221536"
"47280.0";"2.218357"
"47290.0";"2.197411"
"47300.0";"2.250926"
"47310.0";"2.216712"
"47320.0";"2.268579"
"47330.0";"2.325584"
"47340.0";"2.290416"
"47350.0";"2.42091"
"47360.0";"2.356304"
"47370.0";"2.395613"
"47380.0";"2.323223"
"47390.0";"2.245511"
"47400.0";"2.438026"
"47410.0";"2.414798"
"47420.0";"2.351149"
"47430.0";"2.327581"
"47440.0";"2.386087"
"47450.0";"2.255536"
"47460.0";"2.16705"
"47470.0";"2.140394"
"47480.0";"2.133842"
"47490.0";"2.179379"
"47500.0";"2.242657"
"47510.0";"2.256552"
"47520.0";"2.204561"
"47530.0";"2.168562"
"47540.0";"2.208055"
"47550.0";"2.182918"
"47560.0";"2.248015"
"47570.0";"2.164144"
"47580.0";"2.139928"
"47590.0";"2.114389"
"47600.0";"2.142797"
"47610.0";"2.139696"
"47620.0";"2.132859"
"47630.0";"2.213139"
"47640.0";"2.134873"
"47650.0";"2.151055"
"47660.0";"2.193624"
"47670.0";"2.152535"
"47680.0";"2.207549"
"47690.0";"2.129448"
"47700.0";"2.109275"
"47710.0";"2.052699"
"47720.0";"2.095732"
"47730.0";"2.093493"
"47740.0";"2.041646"
"47750.0";"2.16873"
"47760.0";"2.137188"
"47770.0";"2.128187"
"47780.0";"2.137128"
"47790.0";"2.147915"
"47800.0";"2.059715"
"47810.0";"2.138019"
"47820.0";"2.08223"
"47830.0";"2.100044"
"47840.0";"2.057253"
"47850.0";"2.012369"
"47860.0";"2.042285"
"47870.0";"2.086803"
"47880.0";"2.106681"
"47890.0";"2.122882"
"47900.0";"2.181132"
"47910.0";"2.060724"
"47920.0";"2.136714"
"47930.0";"2.118778"
"47940.0";"2.147983"
"47950.0";"2.114752"
"47960.0";"2.12751"
"47970.0";"2.141564"
"47980.0";"2.065614"
"47990.0";"2.145312"
"48000.0";"2.168559"
"48010.0";"2.192961"
"48020.0";"2.122567"
"48030.0";"2.04977"
"48040.0";"2.141002"
"48050.0";"2.06283"
"48060.0";"2.09249"
"48070.0";"2.019712"
"48080.0";"2.077374"
"48090.0";"2.039142"
"48100.0";"2.059573"
"48110.0";"2.030449"
"48120.0";"2.080512"
"48130.0";"2.100175"
"48140.0";"2.039611"
"48150.0";"2.15619"
"48160.0";"2.075327"
"48170.0";"2.079002"
"48180.0";"2.065404"
"48190.0";"2.106297"
"48200.0";"2.179516"
"48210.0";"2.073568"
"48220.0";"2.079654"
"48230.0";"2.058303"
"48240.0";"2.088367"
"48250.0";"2.046656"
"48260.0";"2.102762"
"48270.0";"2.027205"
"48280.0";"2.079688"
"48290.0";"2.00987"
"48300.0";"2.004505"
"48310.0";"1.94511"
"48320.0";"2.048792"
"48330.0";"2.119016"
"48340.0";"2.226903"
"48350.0";"2.131093"
"48360.0";"2.057845"
"48370.0";"2.134152"
"48380.0";"2.138202"
"48390.0";"2.117541"
"48400.0";"2.094371"
"48410.0";"2.139453"
"48420.0";"2.129511"
"48430.0";"2.173398"
"48440.0";"2.159719"
"48450.0";"2.058379"
"48460.0";"2.206564"
"48470.0";"2.190377"
"48480.0";"2.2953"
"48490.0";"2.196297"
"48500.0";"2.197168"
"48510.0";"2.14308"
"48520.0";"2.085217"
"48530.0";"2.133734"
"48540.0";"2.056082"
"48550.0";"2.105372"
"48560.0";"2.12108"
"48570.0";"2.083221"
"48580.0";"2.110961"
"48590.0";"2.128786"
"48600.0";"2.141675"
"48610.0";"2.143271"
"48620.0";"2.044532"
"48630.0";"2.062834"
"48640.0";"2.110868"
"48650.0";"1.989589"
"48660.0";"2.086198"
"48670.0";"2.05692"
"48680.0";"2.056007"
"48690.0";"2.083037"
"48700.0";"1.982468"
"48710.0";"2.053301"
"48720.0";"1.961805"
"48730.0";"2.009684"
"48740.0";"1.985715"
"48750.0";"2.05615"
"48760.0";"2.019511"
"48770.0";"2.08412"
"48780.0";"2.024151"
"48790.0";"2.004728"
"48800.0";"2.175921"
"48810.0";"2.062421"
"48820.0";"2.082443"
"48830.0";"2.118783"
"48840.0";"2.07355"
"48850.0";"2.141772"
"48860.0";"2.045016"
"48870.0";"2.133589"
"48880.0";"2.072391"
"48890.0";"2.111684"
"48900.0";"2.077587"
"48910.0";"2.095634"
"48920.0";"2.110214"
"48930.0";"2.028379"
"48940.0";"2.032697"
"48950.0";"1.857089"
"48960.0";"1.926312"
"48970.0";"2.047871"
"48980.0";"2.073041"
"48990.0";"2.05917"
"49000.0";"2.070441"
"49010.0";"1.998959"
"49020.0";"2.118917"
"49030.0";"2.10691"
"49040.0";"2.153496"
"49050.0";"2.032411"
"49060.0";"2.073397"
"49070.0";"2.008308"
"49080.0";"2.018733"
"49090.0";"2.069132"
"49100.0";"1.986832"
"49110.0";"1.992716"
"49120.0";"2.095311"
"49130.0";"1.98488"
"49140.0";"2.017415"
"49150.0";"1.982516"
"49160.0";"2.079148"
"49170.0";"1.861336"
"49180.0";"1.860861"
"49190.0";"1.9901"
"49200.0";"2.033663"
"49210.0";"2.077737"
"49220.0";"2.071645"
"49230.0";"2.043282"
"49240.0";"2.01356"
"49250.0";"1.970304"
"49260.0";"1.998362"
"49270.0";"1.865606"
"49280.0";"1.918272"
"49290.0";"1.984604"
"49300.0";"2.028233"
"49310.0";"2.027025"
"49320.0";"1.992432"
"49330.0";"2.01804"
"49340.0";"1.964071"
"49350.0";"2.028626"
"49360.0";"2.00879"
"49370.0";"2.04779"
"49380.0";"2.013625"
"49390.0";"2.004924"
"49400.0";"1.964322"
"49410.0";"1.957059"
"49420.0";"1.993789"
"49430.0";"2.059878"
"49440.0";"2.019409"
"49450.0";"2.083452"
"49460.0";"2.042718"
"49470.0";"1.979295"
"49480.0";"2.00247"
"49490.0";"1.940752"
"49500.0";"2.019613"
"49510.0";"1.991952"
"49520.0";"2.00408"
"49530.0";"2.055318"
"49540.0";"2.070404"
"49550.0";"2.019619"
"49560.0";"2.043945"
"49570.0";"2.007028"
"49580.0";"2.053972"
"49590.0";"1.948349"
"49600.0";"1.94094"
"49610.0";"1.978215"
"49620.0";"1.986021"
"49630.0";"1.94995"
"49640.0";"1.88997"
"49650.0";"1.905308"
"49660.0";"1.897165"
"49670.0";"1.889663"
"49680.0";"1.897242"
"49690.0";"1.889718"
"49700.0";"1.915581"
"49710.0";"1.923643"
"49720.0";"1.980997"
"49730.0";"1.825357"
"49740.0";"1.897682"
"49750.0";"1.894414"
"49760.0";"1.889922"
"49770.0";"1.950244"
"49780.0";"1.96159"
"49790.0";"1.993202"
"49800.0";"2.011213"
"49810.0";"1.999266"
"49820.0";"2.104799"
"49830.0";"2.020695"
"49840.0";"1.975506"
"49850.0";"2.003821"
"49860.0";"2.08331"
"49870.0";"2.003864"
"49880.0";"2.069581"
"49890.0";"2.063309"
"49900.0";"2.003053"
"49910.0";"2.023247"
"49920.0";"1.986085"
"49930.0";"2.058203"
"49940.0";"1.974887"
"49950.0";"1.96009"
"49960.0";"1.959128"
"49970.0";"2.004612"
"49980.0";"1.928223"
"49990.0";"1.980766"
"50000.0";"2.042018"
"50010.0";"2.078896"
"50020.0";"2.07916"
"50030.0";"2.111608"
"50040.0";"1.992296"
"50050.0";"1.964192"
"50060.0";"2.049472"
"50070.0";"2.107992"
"50080.0";"2.094432"
"50090.0";"2.10839"
"50100.0";"1.908555"
"50110.0";"1.908864"
"50120.0";"1.896296"
"50130.0";"1.942555"
"50140.0";"2.060611"
"50150.0";"2.050729"
"50160.0";"2.062633"
"50170.0";"2.059597"
"50180.0";"1.971795"
"50190.0";"1.981639"
"50200.0";"1.978836"
"50210.0";"2.076551"
"50220.0";"1.995096"
"50230.0";"1.997919"
"50240.0";"2.074055"
"50250.0";"1.990849"
"50260.0";"2.025963"
"50270.0";"2.071721"
"50280.0";"1.975988"
"50290.0";"1.952006"
"50300.0";"2.019451"
"50310.0";"2.014867"
"50320.0";"2.019625"
"50330.0";"2.072785"
"50340.0";"2.051705"
"50350.0";"2.084089"
"50360.0";"1.988172"
"50370.0";"1.915373"
"50380.0";"2.016683"
"50390.0";"2.028887"
"50400.0";"2.017566"
"50410.0";"1.965656"
"50420.0";"1.928369"
"50430.0";"1.979801"
"50440.0";"1.994317"
"50450.0";"1.973414"
"50460.0";"1.964827"
"50470.0";"1.833324"
"50480.0";"1.989177"
"50490.0";"1.889233"
"50500.0";"1.974187"
"50510.0";"1.969897"
"50520.0";"2.092366"
"50530.0";"2.05168"
"50540.0";"2.03074"
"50550.0";"2.02263"
"50560.0";"1.963936"
"50570.0";"2.028241"
"50580.0";"2.025009"
"50590.0";"2.070876"
"50600.0";"1.99078"
"50610.0";"1.995582"
"50620.0";"2.015689"
"50630.0";"2.020579"
"50640.0";"2.003567"
"50650.0";"1.931321"
"50660.0";"1.865126"
"50670.0";"1.948248"
"50680.0";"1.9433"
"50690.0";"2.000751"
"50700.0";"1.92566"
"50710.0";"1.997343"
"50720.0";"1.988595"
"50730.0";"1.986324"
"50740.0";"1.946411"
"50750.0";"1.962327"
"50760.0";"1.989383"
"50770.0";"2.058348"
"50780.0";"2.000253"
"50790.0";"1.994509"
"50800.0";"1.960706"
"50810.0";"1.931207"
"50820.0";"1.940481"
"50830.0";"2.008419"
"50840.0";"1.978592"
"50850.0";"2.023906"
"50860.0";"2.006746"
"50870.0";"2.001123"
"50880.0";"1.951531"
"50890.0";"2.022997"
"50900.0";"2.017925"
"50910.0";"2.018574"
"50920.0";"2.013235"
"50930.0";"2.050789"
"50940.0";"2.04505"
"50950.0";"1.965455"
"50960.0";"2.05559"
"50970.0";"1.993379"
"50980.0";"2.021054"
"50990.0";"1.98555"
"51000.0";"1.978046"
"51010.0";"1.997725"
"51020.0";"1.96334"
"51030.0";"1.893534"
"51040.0";"2.003714"
"51050.0";"2.000167"
"51060.0";"1.896134"
"51070.0";"1.903139"
"51080.0";"1.996542"
"51090.0";"1.873597"
"51100.0";"1.886324"
"51110.0";"2.041802"
"51120.0";"2.045159"
"51130.0";"2.054731"
"51140.0";"2.075525"
"51150.0";"2.034632"
"51160.0";"2.118199"
"51170.0";"2.084758"
"51180.0";"2.075736"
"51190.0";"2.009242"
"51200.0";"2.060629"
"51210.0";"2.054042"
"51220.0";"2.023902"
"51230.0";"2.017095"
"51240.0";"2.049034"
"51250.0";"2.067364"
"51260.0";"2.016434"
"51270.0";"2.018064"
"51280.0";"1.95447"
"51290.0";"1.997465"
"51300.0";"1.997211"
"51310.0";"2.067714"
"51320.0";"2.091959"
"51330.0";"2.077214"
"51340.0";"2.108512"
"51350.0";"2.061571"
"51360.0";"2.040096"
"51370.0";"2.022409"
"51380.0";"2.034298"
"51390.0";"1.988266"
"51400.0";"1.985812"
"51410.0";"1.995593"
"51420.0";"2.021778"
"51430.0";"2.012318"
"51440.0";"2.119467"
"51450.0";"2.062315"
"51460.0";"2.091563"
"51470.0";"1.955518"
"51480.0";"2.033537"
"51490.0";"2.009963"
"51500.0";"1.945956"
"51510.0";"2.00647"
"51520.0";"1.968619"
"51530.0";"1.956414"
"51540.0";"1.990176"
"51550.0";"1.906516"
"51560.0";"1.967688"
"51570.0";"2.025465"
"51580.0";"1.90503"
"51590.0";"2.006474"
"51600.0";"1.993799"
"51610.0";"1.896073"
"51620.0";"1.950856"
"51630.0";"1.967443"
"51640.0";"1.951435"
"51650.0";"1.951068"
"51660.0";"1.979001"
"51670.0";"1.992667"
"51680.0";"1.94331"
"51690.0";"2.066293"
"51700.0";"2.043628"
"51710.0";"2.096119"
"51720.0";"2.030405"
"51730.0";"1.955485"
"51740.0";"2.044397"
"51750.0";"2.044253"
"51760.0";"2.069534"
"51770.0";"2.025082"
"51780.0";"1.966063"
"51790.0";"2.008691"
"51800.0";"2.014158"
"51810.0";"2.045684"
"51820.0";"1.994743"
"51830.0";"2.031229"
"51840.0";"2.101406"
"51850.0";"2.100353"
"51860.0";"2.136161"
"51870.0";"2.07895"
"51880.0";"2.034536"
"51890.0";"1.999923"
"51900.0";"2.005611"
"51910.0";"2.049005"
"51920.0";"1.952578"
"51930.0";"1.961836"
"51940.0";"2.002837"
"51950.0";"2.065686"
"51960.0";"1.989358"
"51970.0";"2.052439"
"51980.0";"2.079806"
"51990.0";"2.049623"
"52000.0";"1.990611"
"52010.0";"1.966356"
"52020.0";"1.972844"
"52030.0";"1.957546"
"52040.0";"1.934878"
"52050.0";"1.99317"
"52060.0";"2.007556"
"52070.0";"2.027613"
"52080.0";"2.045728"
"52090.0";"2.043825"
"52100.0";"1.968182"
"52110.0";"1.913938"
"52120.0";"1.887097"
"52130.0";"1.913369"
"52140.0";"2.056289"
"52150.0";"1.94189"
"52160.0";"1.920847"
"52170.0";"1.962606"
"52180.0";"1.990394"
"52190.0";"2.00659"
"52200.0";"2.001411"
"52210.0";"2.122755"
"52220.0";"2.083711"
"52230.0";"1.988725"
"52240.0";"2.114348"
"52250.0";"2.049186"
"52260.0";"2.054504"
"52270.0";"2.029"
"52280.0";"2.125833"
"52290.0";"2.03154"
"52300.0";"1.937762"
"52310.0";"1.959146"
"52320.0";"2.01903"
"52330.0";"1.925574"
"52340.0";"1.922759"
"52350.0";"2.003106"
"52360.0";"2.090131"
"52370.0";"2.019086"
"52380.0";"2.023267"
"52390.0";"2.050384"
"52400.0";"2.086903"
"52410.0";"2.052371"
"52420.0";"2.057096"
"52430.0";"2.075922"
"52440.0";"2.083594"
"52450.0";"2.01905"
"52460.0";"1.984938"
"52470.0";"1.968997"
"52480.0";"1.971847"
"52490.0";"2.049934"
"52500.0";"1.947081"
"52510.0";"2.065183"
"52520.0";"2.040414"
"52530.0";"2.047359"
"52540.0";"2.039516"
"52550.0";"2.006543"
"52560.0";"1.989705"
"52570.0";"2.004385"
"52580.0";"1.920116"
"52590.0";"2.003094"
"52600.0";"1.984807"
"52610.0";"2.084516"
"52620.0";"1.98635"
"52630.0";"2.063546"
"52640.0";"2.048304"
"52650.0";"2.029725"
"52660.0";"1.996656"
"52670.0";"1.924875"
"52680.0";"2.019898"
"52690.0";"2.050429"
"52700.0";"1.946915"
"52710.0";"1.987299"
"52720.0";"1.960216"
"52730.0";"2.032979"
"52740.0";"2.016501"
"52750.0";"2.021065"
"52760.0";"2.003192"
"52770.0";"2.000924"
"52780.0";"1.9986"
"52790.0";"1.978543"
"52800.0";"2.012936"
"52810.0";"2.021556"
"52820.0";"2.111433"
"52830.0";"2.061344"
"52840.0";"2.105877"
"52850.0";"2.056281"
"52860.0";"2.092098"
"52870.0";"2.15796"
"52880.0";"2.078524"
"52890.0";"2.166276"
"52900.0";"2.030587"
"52910.0";"2.087786"
"52920.0";"2.18082"
"52930.0";"2.071043"
"52940.0";"2.006014"
"52950.0";"2.130876"
"52960.0";"2.137231"
"52970.0";"2.148775"
"52980.0";"1.994659"
"52990.0";"2.070472"
"53000.0";"2.050962"
"53010.0";"2.004072"
"53020.0";"2.052481"
"53030.0";"2.071359"
"53040.0";"1.983361"
"53050.0";"1.929426"
"53060.0";"1.957458"
"53070.0";"2.015447"
"53080.0";"2.01383"
"53090.0";"1.97395"
"53100.0";"2.030041"
"53110.0";"1.97454"
"53120.0";"1.997069"
"53130.0";"1.936064"
"53140.0";"2.001625"
"53150.0";"2.003164"
"53160.0";"2.024658"
"53170.0";"2.042477"
"53180.0";"1.980361"
"53190.0";"1.942822"
"53200.0";"1.951954"
"53210.0";"2.001106"
"53220.0";"1.975037"
"53230.0";"1.968233"
"53240.0";"1.940689"
"53250.0";"1.894726"
"53260.0";"1.884152"
"53270.0";"1.936246"
"53280.0";"1.876193"
"53290.0";"1.938707"
"53300.0";"1.861798"
"53310.0";"1.904578"
"53320.0";"1.915158"
"53330.0";"1.89291"
"53340.0";"1.957548"
"53350.0";"1.968679"
"53360.0";"1.94927"
"53370.0";"1.95344"
"53380.0";"2.069975"
"53390.0";"2.046513"
"53400.0";"2.068338"
"53410.0";"2.150673"
"53420.0";"2.078066"
"53430.0";"2.051316"
"53440.0";"2.04519"
"53450.0";"2.063657"
"53460.0";"2.041689"
"53470.0";"1.939173"
"53480.0";"1.890871"
"53490.0";"1.995859"
"53500.0";"1.964147"
"53510.0";"1.984237"
"53520.0";"1.956549"
"53530.0";"1.977515"
"53540.0";"1.956416"
"53550.0";"1.917482"
"53560.0";"1.962058"
"53570.0";"1.951517"
"53580.0";"1.938117"
"53590.0";"2.04706"
"53600.0";"1.952877"
"53610.0";"2.027256"
"53620.0";"2.01823"
"53630.0";"1.949311"
"53640.0";"2.032751"
"53650.0";"2.027756"
"53660.0";"2.041526"
"53670.0";"1.969094"
"53680.0";"1.959941"
"53690.0";"2.030904"
"53700.0";"2.022006"
"53710.0";"2.050195"
"53720.0";"1.995267"
"53730.0";"1.996025"
"53740.0";"1.996441"
"53750.0";"2.003871"
"53760.0";"1.953042"
"53770.0";"1.969751"
"53780.0";"1.99128"
"53790.0";"2.028753"
"53800.0";"2.077263"
"53810.0";"2.128805"
"53820.0";"2.09743"
"53830.0";"2.164936"
"53840.0";"2.086964"
"53850.0";"2.096894"
"53860.0";"2.104383"
"53870.0";"2.103153"
"53880.0";"2.027927"
"53890.0";"1.990322"
"53900.0";"2.135914"
"53910.0";"2.0872"
"53920.0";"2.087634"
"53930.0";"2.050203"
"53940.0";"2.075558"
"53950.0";"2.051186"
"53960.0";"2.080066"
"53970.0";"2.064031"
"53980.0";"1.925481"
"53990.0";"2.000297"
"54000.0";"2.024573"
"54010.0";"1.979104"
"54020.0";"1.911673"
"54030.0";"1.957167"
"54040.0";"1.991402"
"54050.0";"1.961105"
"54060.0";"2.040271"
"54070.0";"1.988308"
"54080.0";"2.000833"
"54090.0";"1.903968"
"54100.0";"1.919319"
"54110.0";"1.985129"
"54120.0";"1.905074"
"54130.0";"2.013145"
"54140.0";"1.999627"
"54150.0";"1.980678"
"54160.0";"1.975134"
"54170.0";"2.070673"
"54180.0";"2.020103"
"54190.0";"2.096778"
"54200.0";"1.956045"
"54210.0";"2.101449"
"54220.0";"2.083894"
"54230.0";"2.093637"
"54240.0";"2.046156"
"54250.0";"2.126953"
"54260.0";"2.133083"
"54270.0";"2.092583"
"54280.0";"2.049669"
"54290.0";"2.080039"
"54300.0";"1.9996"
"54310.0";"2.047829"
"54320.0";"2.101774"
"54330.0";"2.072697"
"54340.0";"2.057948"
"54350.0";"2.066726"
"54360.0";"2.023626"
"54370.0";"2.025915"
"54380.0";"1.982434"
"54390.0";"2.027087"
"54400.0";"2.064445"
"54410.0";"2.152164"
"54420.0";"2.111212"
"54430.0";"2.054613"
"54440.0";"2.136084"
"54450.0";"1.977588"
"54460.0";"1.947662"
"54470.0";"2.034931"
"54480.0";"2.030112"
"54490.0";"2.084079"
"54500.0";"2.006672"
"54510.0";"1.999825"
"54520.0";"2.121487"
"54530.0";"2.111979"
"54540.0";"2.142166"
"54550.0";"2.126359"
"54560.0";"2.123424"
"54570.0";"2.091649"
"54580.0";"2.085729"
"54590.0";"1.977223"
"54600.0";"2.041496"
"54610.0";"2.099986"
"54620.0";"2.158982"
"54630.0";"2.122691"
"54640.0";"2.138576"
"54650.0";"2.144518"
"54660.0";"2.118934"
"54670.0";"2.107761"
"54680.0";"2.158967"
"54690.0";"2.050562"
"54700.0";"2.126"
"54710.0";"2.113447"
"54720.0";"2.139875"
"54730.0";"2.189976"
"54740.0";"2.219007"
"54750.0";"2.258714"
"54760.0";"2.388437"
"54770.0";"2.159089"
"54780.0";"2.202482"
"54790.0";"2.132549"
"54800.0";"2.14676"
"54810.0";"2.057948"
"54820.0";"2.073177"
"54830.0";"2.140626"
"54840.0";"2.1473"
"54850.0";"2.044204"
"54860.0";"2.130351"
"54870.0";"2.126395"
"54880.0";"2.298672"
"54890.0";"2.384831"
"54900.0";"2.29657"
"54910.0";"2.333502"
"54920.0";"2.373291"
"54930.0";"2.315481"
"54940.0";"2.28838"
"54950.0";"2.246786"
"54960.0";"2.306435"
"54970.0";"2.186626"
"54980.0";"2.129538"
"54990.0";"2.113663"
"55000.0";"2.203907"
"55010.0";"2.350446"
"55020.0";"2.248523"
"55030.0";"2.158842"
"55040.0";"2.179731"
"55050.0";"2.163146"
"55060.0";"2.134495"
"55070.0";"2.224811"
"55080.0";"2.119631"
"55090.0";"2.117159"
"55100.0";"2.215998"
"55110.0";"2.109417"
"55120.0";"2.124386"
"55130.0";"2.13127"
"55140.0";"2.119252"
"55150.0";"1.991629"
"55160.0";"2.199555"
"55170.0";"2.079015"
"55180.0";"2.051178"
"55190.0";"2.124223"
"55200.0";"2.153584"
"55210.0";"2.106674"
"55220.0";"2.184458"
"55230.0";"2.199267"
"55240.0";"2.131617"
"55250.0";"2.18043"
"55260.0";"2.191283"
"55270.0";"2.196598"
"55280.0";"2.121995"
"55290.0";"2.168802"
"55300.0";"2.071163"
"55310.0";"2.05664"
"55320.0";"2.069471"
"55330.0";"2.121418"
"55340.0";"2.15436"
"55350.0";"2.110724"
"55360.0";"2.0864"
"55370.0";"2.145141"
"55380.0";"2.127442"
"55390.0";"2.189925"
"55400.0";"2.074678"
"55410.0";"2.154711"
"55420.0";"2.209308"
"55430.0";"2.192451"
"55440.0";"2.159632"
"55450.0";"2.175816"
"55460.0";"2.198013"
"55470.0";"2.203854"
"55480.0";"2.187487"
"55490.0";"2.050581"
"55500.0";"2.185767"
"55510.0";"2.139353"
"55520.0";"2.25391"
"55530.0";"2.136206"
"55540.0";"2.154275"
"55550.0";"2.123285"
"55560.0";"2.096745"
"55570.0";"2.294835"
"55580.0";"2.107476"
"55590.0";"2.145218"
"55600.0";"2.095795"
"55610.0";"2.108255"
"55620.0";"2.188443"
"55630.0";"2.160011"
"55640.0";"2.193271"
"55650.0";"2.109761"
"55660.0";"2.178933"
"55670.0";"2.130291"
"55680.0";"2.065859"
"55690.0";"2.141867"
"55700.0";"2.072598"
"55710.0";"2.234358"
"55720.0";"2.309731"
"55730.0";"2.198695"
"55740.0";"2.211788"
"55750.0";"2.173808"
"55760.0";"2.261741"
"55770.0";"2.281501"
"55780.0";"2.2543"
"55790.0";"2.245641"
"55800.0";"2.252983"
"55810.0";"2.252099"
"55820.0";"2.229328"
"55830.0";"2.247661"
"55840.0";"2.219469"
"55850.0";"2.16088"
"55860.0";"2.324972"
"55870.0";"2.199452"
"55880.0";"2.238959"
"55890.0";"2.233436"
"55900.0";"2.184441"
"55910.0";"2.258486"
"55920.0";"2.144848"
"55930.0";"2.236683"
"55940.0";"2.160468"
"55950.0";"2.201289"
"55960.0";"2.185023"
"55970.0";"2.290773"
"55980.0";"2.320877"
"55990.0";"2.282624"
"56000.0";"2.152893"
"56010.0";"2.252648"
"56020.0";"2.276627"
"56030.0";"2.276484"
"56040.0";"2.263124"
"56050.0";"2.274239"
"56060.0";"2.306284"
"56070.0";"2.180347"
"56080.0";"2.286361"
"56090.0";"2.287705"
"56100.0";"2.225657"
"56110.0";"2.304859"
"56120.0";"2.250243"
"56130.0";"2.26825"
"56140.0";"2.215822"
"56150.0";"2.169557"
"56160.0";"2.191863"
"56170.0";"2.236448"
"56180.0";"2.299838"
"56190.0";"2.214626"
"56200.0";"2.170446"
"56210.0";"2.18815"
"56220.0";"2.232347"
"56230.0";"2.120459"
"56240.0";"2.104409"
"56250.0";"2.060437"
"56260.0";"2.237432"
"56270.0";"2.172047"
"56280.0";"2.08101"
"56290.0";"2.076629"
"56300.0";"2.056861"
"56310.0";"2.167626"
"56320.0";"2.135446"
"56330.0";"2.108325"
"56340.0";"2.053839"
"56350.0";"2.096726"
"56360.0";"2.115305"
"56370.0";"2.066602"
"56380.0";"2.202689"
"56390.0";"2.119034"
"56400.0";"2.190807"
"56410.0";"2.267523"
"56420.0";"2.131064"
"56430.0";"2.193305"
"56440.0";"2.320698"
"56450.0";"2.271868"
"56460.0";"2.157852"
"56470.0";"2.210759"
"56480.0";"2.16285"
"56490.0";"2.127631"
"56500.0";"2.157367"
"56510.0";"2.124828"
"56520.0";"2.162835"
"56530.0";"2.117297"
"56540.0";"2.190696"
"56550.0";"2.176762"
"56560.0";"2.248834"
"56570.0";"2.259915"
"56580.0";"2.252179"
"56590.0";"2.299671"
"56600.0";"2.290665"
"56610.0";"2.21367"
"56620.0";"2.250805"
"56630.0";"2.217823"
"56640.0";"2.268439"
"56650.0";"2.314256"
"56660.0";"2.295851"
"56670.0";"2.195888"
"56680.0";"2.211898"
"56690.0";"2.319824"
"56700.0";"2.176965"
"56710.0";"2.183508"
"56720.0";"2.33744"
"56730.0";"2.167925"
"56740.0";"2.252512"
"56750.0";"2.247462"
"56760.0";"2.300207"
"56770.0";"2.184013"
"56780.0";"2.151368"
"56790.0";"2.169985"
"56800.0";"2.143612"
"56810.0";"2.269087"
"56820.0";"2.260514"
"56830.0";"2.307357"
"56840.0";"2.321658"
"56850.0";"2.381073"
"56860.0";"2.416384"
"56870.0";"2.380765"
"56880.0";"2.255131"
"56890.0";"2.249976"
"56900.0";"2.363976"
"56910.0";"2.305111"
"56920.0";"2.265292"
"56930.0";"2.118791"
"56940.0";"2.202171"
"56950.0";"2.265782"
"56960.0";"2.284749"
"56970.0";"2.281279"
"56980.0";"2.317133"
"56990.0";"2.235502"
"57000.0";"2.183513"
"57010.0";"2.26067"
"57020.0";"2.276988"
"57030.0";"2.122955"
"57040.0";"2.214004"
"57050.0";"2.197515"
"57060.0";"2.219764"
"57070.0";"2.199851"
"57080.0";"2.300292"
"57090.0";"2.310074"
"57100.0";"2.250277"
"57110.0";"2.249373"
"57120.0";"2.192124"
"57130.0";"2.098076"
"57140.0";"2.137275"
"57150.0";"2.128614"
"57160.0";"2.097929"
"57170.0";"2.008487"
"57180.0";"2.196092"
"57190.0";"2.21851"
"57200.0";"2.181829"
"57210.0";"2.169973"
"57220.0";"2.078809"
"57230.0";"2.113365"
"57240.0";"2.235526"
"57250.0";"2.271654"
"57260.0";"2.240858"
"57270.0";"2.241006"
"57280.0";"2.246255"
"57290.0";"2.308349"
"57300.0";"2.271314"
"57310.0";"2.275947"
"57320.0";"2.244864"
"57330.0";"2.21798"
"57340.0";"2.272413"
"57350.0";"2.21056"
"57360.0";"2.203606"
"57370.0";"2.294816"
"57380.0";"2.301329"
"57390.0";"2.28811"
"57400.0";"2.372714"
"57410.0";"2.349543"
"57420.0";"2.363252"
"57430.0";"2.497258"
"57440.0";"2.418674"
"57450.0";"2.521637"
"57460.0";"2.267408"
"57470.0";"2.358691"
"57480.0";"2.578082"
"57490.0";"2.290174"
"57500.0";"2.397954"
"57510.0";"2.424181"
"57520.0";"2.411722"
"57530.0";"2.362918"
"57540.0";"2.3243"
"57550.0";"2.278464"
"57560.0";"2.283479"
"57570.0";"2.199905"
"57580.0";"2.085303"
"57590.0";"2.091824"
"57600.0";"2.156665"
"57610.0";"2.189939"
"57620.0";"2.191751"
"57630.0";"2.178108"
"57640.0";"2.185046"
"57650.0";"2.240008"
"57660.0";"2.313997"
"57670.0";"2.253666"
"57680.0";"2.17114"
"57690.0";"2.207293"
"57700.0";"2.159723"
"57710.0";"2.138991"
"57720.0";"2.17596"
"57730.0";"2.124696"
"57740.0";"2.275909"
"57750.0";"2.213592"
"57760.0";"2.243084"
"57770.0";"2.321693"
"57780.0";"2.154137"
"57790.0";"2.141152"
"57800.0";"2.177997"
"57810.0";"2.202875"
"57820.0";"2.151771"
"57830.0";"2.240992"
"57840.0";"2.232494"
"57850.0";"2.200237"
"57860.0";"2.196966"
"57870.0";"2.260087"
"57880.0";"2.134432"
"57890.0";"2.153963"
"57900.0";"2.210907"
"57910.0";"2.179706"
"57920.0";"2.188127"
"57930.0";"2.249066"
"57940.0";"2.242552"
"57950.0";"2.198734"
"57960.0";"2.220113"
"57970.0";"2.16771"
"57980.0";"2.201169"
"57990.0";"2.217976"
"58000.0";"2.139496"
"58010.0";"2.135342"
"58020.0";"2.136183"
"58030.0";"2.214476"
"58040.0";"2.274581"
"58050.0";"2.300252"
"58060.0";"2.220801"
"58070.0";"2.179928"
"58080.0";"2.107328"
"58090.0";"2.241414"
"58100.0";"2.209844"
"58110.0";"2.165098"
"58120.0";"2.183357"
"58130.0";"2.176024"
"58140.0";"2.172614"
"58150.0";"2.197337"
"58160.0";"2.172799"
"58170.0";"2.24262"
"58180.0";"2.235923"
"58190.0";"2.180241"
"58200.0";"2.30773"
"58210.0";"2.200643"
"58220.0";"2.24267"
"58230.0";"2.135916"
"58240.0";"2.244079"
"58250.0";"2.248593"
"58260.0";"2.306282"
"58270.0";"2.174139"
"58280.0";"2.251463"
"58290.0";"2.190017"
"58300.0";"2.192153"
"58310.0";"2.221084"
"58320.0";"2.227033"
"58330.0";"2.210259"
"58340.0";"2.181099"
"58350.0";"2.234998"
"58360.0";"2.146805"
"58370.0";"2.200358"
"58380.0";"2.195256"
"58390.0";"2.227753"
"58400.0";"2.157991"
"58410.0";"2.230947"
"58420.0";"2.177383"
"58430.0";"2.208897"
"58440.0";"2.203169"
"58450.0";"2.159934"
"58460.0";"2.214858"
"58470.0";"2.366129"
"58480.0";"2.399234"
"58490.0";"2.397018"
"58500.0";"2.407506"
"58510.0";"2.363484"
"58520.0";"2.220599"
"58530.0";"2.170408"
"58540.0";"2.256424"
"58550.0";"2.292217"
"58560.0";"2.269406"
"58570.0";"2.232369"
"58580.0";"2.188275"
"58590.0";"2.219358"
"58600.0";"2.169589"
"58610.0";"2.210138"
"58620.0";"2.263612"
"58630.0";"2.22892"
"58640.0";"2.248598"
"58650.0";"2.253925"
"58660.0";"2.193809"
"58670.0";"2.180508"
"58680.0";"2.215727"
"58690.0";"2.251624"
"58700.0";"2.163224"
"58710.0";"2.170858"
"58720.0";"2.177885"
"58730.0";"2.156021"
"58740.0";"2.156717"
"58750.0";"2.131708"
"58760.0";"2.192111"
"58770.0";"2.252066"
"58780.0";"2.162937"
"58790.0";"2.206334"
"58800.0";"2.229685"
"58810.0";"2.267275"
"58820.0";"2.195234"
"58830.0";"2.219475"
"58840.0";"2.152083"
"58850.0";"2.269882"
"58860.0";"2.218472"
"58870.0";"2.164708"
"58880.0";"2.195392"
"58890.0";"2.210831"
"58900.0";"2.174015"
"58910.0";"2.179436"
"58920.0";"2.20134"
"58930.0";"2.165789"
"58940.0";"2.141712"
"58950.0";"2.124482"
"58960.0";"2.203384"
"58970.0";"2.147939"
"58980.0";"2.21538"
"58990.0";"2.200787"
"59000.0";"2.242164"
"59010.0";"2.190113"
"59020.0";"2.202256"
"59030.0";"2.186852"
"59040.0";"2.164504"
"59050.0";"2.312299"
"59060.0";"2.315953"
"59070.0";"2.264849"
"59080.0";"2.217397"
"59090.0";"2.209011"
"59100.0";"2.213712"
"59110.0";"2.234214"
"59120.0";"2.234213"
"59130.0";"2.246746"
"59140.0";"2.227816"
"59150.0";"2.222343"
"59160.0";"2.248988"
"59170.0";"2.135829"
"59180.0";"2.203887"
"59190.0";"2.225403"
"59200.0";"2.248014"
"59210.0";"2.33033"
"59220.0";"2.289552"
"59230.0";"2.320219"
"59240.0";"2.239628"
"59250.0";"2.213543"
"59260.0";"2.304465"
"59270.0";"2.285414"
"59280.0";"2.286068"
"59290.0";"2.285272"
"59300.0";"2.389055"
"59310.0";"2.3127"
"59320.0";"2.265431"
"59330.0";"2.413528"
"59340.0";"2.262988"
"59350.0";"2.322618"
"59360.0";"2.315159"
"59370.0";"2.273615"
"59380.0";"2.348931"
"59390.0";"2.309916"
"59400.0";"2.345161"
"59410.0";"2.300022"
"59420.0";"2.299411"
"59430.0";"2.170377"
"59440.0";"2.199044"
"59450.0";"2.266388"
"59460.0";"2.362845"
"59470.0";"2.302323"
"59480.0";"2.309595"
"59490.0";"2.248461"
"59500.0";"2.322525"
"59510.0";"2.310504"
"59520.0";"2.352883"
"59530.0";"2.386208"
"59540.0";"2.36625"
"59550.0";"2.393739"
"59560.0";"2.36786"
"59570.0";"2.325067"
"59580.0";"2.304764"
"59590.0";"2.406383"
"59600.0";"2.345948"
"59610.0";"2.386182"
"59620.0";"2.250956"
"59630.0";"2.409715"
"59640.0";"2.436126"
"59650.0";"2.380687"
"59660.0";"2.246158"
"59670.0";"2.307546"
"59680.0";"2.383517"
"59690.0";"2.393133"
"59700.0";"2.344383"
"59710.0";"2.253927"
"59720.0";"2.283439"
"59730.0";"2.196759"
"59740.0";"2.139401"
"59750.0";"2.130672"
"59760.0";"2.205692"
"59770.0";"2.169281"
"59780.0";"2.158646"
"59790.0";"2.147059"
"59800.0";"2.110699"
"59810.0";"2.091389"
"59820.0";"2.160478"
"59830.0";"2.087084"
"59840.0";"2.098596"
"59850.0";"2.107666"
"59860.0";"2.104788"
"59870.0";"2.143971"
"59880.0";"2.237173"
"59890.0";"2.159542"
"59900.0";"2.159363"
"59910.0";"2.10578"
"59920.0";"2.217892"
"59930.0";"2.158741"
"59940.0";"2.150416"
"59950.0";"2.134311"
"59960.0";"2.149964"
"59970.0";"2.131248"
"59980.0";"2.179169"
"59990.0";"2.237943"
"60000.0";"2.15821"
"60010.0";"2.164967"
"60020.0";"2.160587"
"60030.0";"2.193764"
"60040.0";"2.121465"
"60050.0";"2.11623"
"60060.0";"2.263926"
"60070.0";"2.170862"
"60080.0";"2.189842"
"60090.0";"2.197422"
"60100.0";"2.211471"
"60110.0";"2.247787"
"60120.0";"2.217676"
"60130.0";"2.195737"
"60140.0";"2.157914"
"60150.0";"2.238935"
"60160.0";"2.202773"
"60170.0";"2.193191"
"60180.0";"2.134013"
"60190.0";"2.283848"
"60200.0";"2.274087"
"60210.0";"2.199184"
"60220.0";"2.320708"
"60230.0";"2.215154"
"60240.0";"2.196707"
"60250.0";"2.190325"
"60260.0";"2.179419"
"60270.0";"2.309089"
"60280.0";"2.227338"
"60290.0";"2.175161"
"60300.0";"2.223761"
"60310.0";"2.230115"
"60320.0";"2.225898"
"60330.0";"2.220428"
"60340.0";"2.177254"
"60350.0";"2.259285"
"60360.0";"2.144068"
"60370.0";"2.181351"
"60380.0";"2.171056"
"60390.0";"2.220926"
"60400.0";"2.258925"
"60410.0";"2.117006"
"60420.0";"2.202514"
"60430.0";"2.164202"
"60440.0";"2.155488"
"60450.0";"2.127244"
"60460.0";"2.182172"
"60470.0";"2.17523"
"60480.0";"2.142953"
"60490.0";"2.189329"
"60500.0";"2.266871"
"60510.0";"2.206937"
"60520.0";"2.23332"
"60530.0";"2.212828"
"60540.0";"2.193017"
"60550.0";"2.194707"
"60560.0";"2.287799"
"60570.0";"2.199486"
"60580.0";"2.1979"
"60590.0";"2.155684"
"60600.0";"2.305995"
"60610.0";"2.236903"
"60620.0";"2.204383"
"60630.0";"2.178679"
"60640.0";"2.138571"
"60650.0";"2.124718"
"60660.0";"2.1014"
"60670.0";"2.078685"
"60680.0";"2.121831"
"60690.0";"2.103914"
"60700.0";"2.099147"
"60710.0";"2.179643"
"60720.0";"2.129452"
"60730.0";"2.149119"
"60740.0";"2.156245"
"60750.0";"2.116167"
"60760.0";"2.151395"
"60770.0";"2.172425"
"60780.0";"2.165189"
"60790.0";"2.133834"
"60800.0";"2.25239"
"60810.0";"2.204687"
"60820.0";"2.209436"
"60830.0";"2.187087"
"60840.0";"2.114075"
"60850.0";"2.121104"
"60860.0";"2.147758"
"60870.0";"2.125288"
"60880.0";"2.13956"
"60890.0";"2.135179"
"60900.0";"2.184098"
"60910.0";"2.1603"
"60920.0";"2.193209"
"60930.0";"2.11237"
"60940.0";"2.131887"
"60950.0";"2.185078"
"60960.0";"2.186568"
"60970.0";"2.2074"
"60980.0";"2.305181"
"60990.0";"2.267603"
"61000.0";"2.360626"
"61010.0";"2.489762"
"61020.0";"2.559538"
"61030.0";"2.613073"
"61040.0";"2.64173"
"61050.0";"2.539613"
"61060.0";"2.525222"
"61070.0";"2.445467"
"61080.0";"2.405757"
"61090.0";"2.41152"
"61100.0";"2.477844"
"61110.0";"2.39329"
"61120.0";"2.52126"
"61130.0";"2.586062"
"61140.0";"2.471502"
"61150.0";"2.452515"
"61160.0";"2.559535"
"61170.0";"2.326647"
"61180.0";"2.429417"
"61190.0";"2.200147"
"61200.0";"2.139563"
"61210.0";"2.38673"
"61220.0";"2.32254"
"61230.0";"2.347369"
"61240.0";"2.214736"
"61250.0";"2.176237"
"61260.0";"2.127108"
"61270.0";"2.126602"
"61280.0";"2.093853"
"61290.0";"2.128864"
"61300.0";"2.100575"
"61310.0";"2.137361"
"61320.0";"2.114981"
"61330.0";"2.118832"
"61340.0";"2.155232"
"61350.0";"2.236024"
"61360.0";"2.26704"
"61370.0";"2.323036"
"61380.0";"2.156949"
"61390.0";"2.237903"
"61400.0";"2.330791"
"61410.0";"2.20393"
"61420.0";"2.193851"
"61430.0";"2.055001"
"61440.0";"2.108346"
"61450.0";"2.169384"
"61460.0";"2.165782"
"61470.0";"2.236846"
"61480.0";"2.246554"
"61490.0";"2.312809"
"61500.0";"2.296168"
"61510.0";"2.179491"
"61520.0";"2.292217"
"61530.0";"2.322011"
"61540.0";"2.392675"
"61550.0";"2.496089"
"61560.0";"2.510329"
"61570.0";"2.406156"
"61580.0";"2.351261"
"61590.0";"2.285637"
"61600.0";"2.095318"
"61610.0";"2.26562"
"61620.0";"2.263327"
"61630.0";"2.367248"
"61640.0";"2.383848"
"61650.0";"2.314817"
"61660.0";"2.390368"
"61670.0";"2.51002"
"61680.0";"2.388774"
"61690.0";"2.487909"
"61700.0";"2.394249"
"61710.0";"2.46948"
"61720.0";"2.320577"
"61730.0";"2.40024"
"61740.0";"2.554188"
"61750.0";"2.537168"
"61760.0";"2.46706"
"61770.0";"2.66481"
"61780.0";"2.573956"
"61790.0";"2.577049"
"61800.0";"2.61246"
"61810.0";"2.697714"
"61820.0";"2.664532"
"61830.0";"2.583253"
"61840.0";"2.716419"
"61850.0";"2.496097"
"61860.0";"2.672938"
"61870.0";"2.525316"
"61880.0";"2.519434"
"61890.0";"2.449407"
"61900.0";"2.156196"
"61910.0";"2.37963"
"61920.0";"2.396099"
"61930.0";"2.419337"
"61940.0";"2.398031"
"61950.0";"2.40778"
"61960.0";"2.416845"
"61970.0";"2.256614"
"61980.0";"2.194372"
"61990.0";"2.291438"
"62000.0";"2.300061"
"62010.0";"2.250885"
"62020.0";"2.362767"
"62030.0";"2.205368"
"62040.0";"2.183161"
"62050.0";"2.199151"
"62060.0";"2.330396"
"62070.0";"2.278116"
"62080.0";"2.246389"
"62090.0";"2.23952"
"62100.0";"2.223398"
"62110.0";"2.145319"
"62120.0";"2.238396"
"62130.0";"2.204898"
"62140.0";"2.21392"
"62150.0";"2.275078"
"62160.0";"2.090327"
"62170.0";"2.097296"
"62180.0";"2.042917"
"62190.0";"2.124263"
"62200.0";"2.110048"
"62210.0";"2.167801"
"62220.0";"2.210387"
"62230.0";"2.153701"
"62240.0";"2.136459"
"62250.0";"2.128457"
"62260.0";"2.133356"
"62270.0";"2.189644"
"62280.0";"2.146965"
"62290.0";"2.065453"
"62300.0";"2.085867"
"62310.0";"2.004524"
"62320.0";"2.062006"
"62330.0";"2.073107"
"62340.0";"1.990595"
"62350.0";"2.096009"
"62360.0";"2.076597"
"62370.0";"2.113656"
"62380.0";"2.027806"
"62390.0";"2.145129"
"62400.0";"2.279718"
"62410.0";"2.339918"
"62420.0";"2.409347"
"62430.0";"2.342584"
"62440.0";"2.187848"
"62450.0";"2.258974"
"62460.0";"2.124346"
"62470.0";"2.182935"
"62480.0";"2.095115"
"62490.0";"2.195179"
"62500.0";"2.22714"
"62510.0";"2.187431"
"62520.0";"2.204739"
"62530.0";"2.186931"
"62540.0";"2.205903"
"62550.0";"2.218385"
"62560.0";"2.131508"
"62570.0";"2.215043"
"62580.0";"2.2434"
"62590.0";"2.186947"
"62600.0";"2.169931"
"62610.0";"2.161615"
"62620.0";"2.097438"
"62630.0";"2.103119"
"62640.0";"2.172959"
"62650.0";"2.119651"
"62660.0";"2.037484"
"62670.0";"2.169472"
"62680.0";"2.114127"
"62690.0";"2.223325"
"62700.0";"2.15285"
"62710.0";"2.169963"
"62720.0";"2.191409"
"62730.0";"2.20542"
"62740.0";"2.125215"
"62750.0";"2.138063"
"62760.0";"2.195071"
"62770.0";"2.102453"
"62780.0";"2.171527"
"62790.0";"2.205428"
"62800.0";"2.145342"
"62810.0";"2.148825"
"62820.0";"2.126776"
"62830.0";"2.051785"
"62840.0";"2.02798"
"62850.0";"2.14074"
"62860.0";"2.125934"
"62870.0";"2.159624"
"62880.0";"2.169893"
"62890.0";"2.130489"
"62900.0";"2.094154"
"62910.0";"2.182209"
"62920.0";"2.251609"
"62930.0";"2.246558"
"62940.0";"2.182518"
"62950.0";"2.113849"
"62960.0";"2.090956"
"62970.0";"2.09737"
"62980.0";"2.093855"
"62990.0";"2.050115"
"63000.0";"2.15044"
"63010.0";"2.162061"
"63020.0";"2.12372"
"63030.0";"2.267119"
"63040.0";"2.266479"
"63050.0";"2.128532"
"63060.0";"2.126908"
"63070.0";"2.081247"
"63080.0";"2.109445"
"63090.0";"2.127101"
"63100.0";"2.15154"
"63110.0";"2.073293"
"63120.0";"2.124718"
"63130.0";"2.173654"
"63140.0";"2.10448"
"63150.0";"2.188166"
"63160.0";"2.149983"
"63170.0";"2.132339"
"63180.0";"2.17133"
"63190.0";"2.170893"
"63200.0";"2.244454"
"63210.0";"2.18881"
"63220.0";"2.153048"
"63230.0";"2.158431"
"63240.0";"2.168875"
"63250.0";"2.197374"
"63260.0";"2.17449"
"63270.0";"2.208198"
"63280.0";"2.266928"
"63290.0";"2.266091"
"63300.0";"2.161669"
"63310.0";"2.16805"
"63320.0";"2.249588"
"63330.0";"2.191664"
"63340.0";"2.175207"
"63350.0";"2.190629"
"63360.0";"2.182008"
"63370.0";"2.147836"
"63380.0";"2.154891"
"63390.0";"2.150368"
"63400.0";"2.234791"
"63410.0";"2.159873"
"63420.0";"2.14531"
"63430.0";"2.121995"
"63440.0";"2.12441"
"63450.0";"2.120468"
"63460.0";"2.132326"
"63470.0";"2.104259"
"63480.0";"2.194162"
"63490.0";"2.149315"
"63500.0";"2.11558"
"63510.0";"2.050012"
"63520.0";"2.136622"
"63530.0";"2.111783"
"63540.0";"2.115464"
"63550.0";"2.130046"
"63560.0";"2.113099"
"63570.0";"2.180995"
"63580.0";"2.233986"
"63590.0";"2.257162"
"63600.0";"2.161251"
"63610.0";"2.109245"
"63620.0";"2.176675"
"63630.0";"2.149838"
"63640.0";"2.18222"
"63650.0";"2.173303"
"63660.0";"2.191242"
"63670.0";"2.2364"
"63680.0";"2.155763"
"63690.0";"2.150902"
"63700.0";"2.139156"
"63710.0";"2.104008"
"63720.0";"2.178064"
"63730.0";"2.196389"
"63740.0";"2.138729"
"63750.0";"2.151588"
"63760.0";"2.161569"
"63770.0";"2.167988"
"63780.0";"2.132071"
"63790.0";"2.184955"
"63800.0";"2.15746"
"63810.0";"2.148556"
"63820.0";"2.157192"
"63830.0";"2.133547"
"63840.0";"2.073292"
"63850.0";"2.174672"
"63860.0";"2.170463"
"63870.0";"2.1644"
"63880.0";"2.081044"
"63890.0";"2.197656"
"63900.0";"2.16751"
"63910.0";"2.232109"
"63920.0";"2.161831"
"63930.0";"2.087639"
"63940.0";"2.025162"
"63950.0";"2.202329"
"63960.0";"2.114727"
"63970.0";"2.101367"
"63980.0";"2.176802"
"63990.0";"2.215415"
"64000.0";"2.202358"
"64010.0";"2.186419"
"64020.0";"2.18283"
"64030.0";"2.145928"
"64040.0";"2.155727"
"64050.0";"2.13867"
"64060.0";"2.15203"
"64070.0";"2.2353"
"64080.0";"2.400366"
"64090.0";"2.277586"
"64100.0";"2.204931"
"64110.0";"2.176081"
"64120.0";"2.098942"
"64130.0";"2.158571"
"64140.0";"2.203918"
"64150.0";"2.253412"
"64160.0";"2.224673"
"64170.0";"2.152601"
"64180.0";"2.212819"
"64190.0";"2.208848"
"64200.0";"2.213882"
"64210.0";"2.226015"
"64220.0";"2.490679"
"64230.0";"2.311146"
"64240.0";"2.206221"
"64250.0";"2.269728"
"64260.0";"2.254586"
"64270.0";"2.146344"
"64280.0";"2.14563"
"64290.0";"2.077165"
"64300.0";"2.142835"
"64310.0";"2.101958"
"64320.0";"2.199299"
"64330.0";"2.249293"
"64340.0";"2.179983"
"64350.0";"2.178229"
"64360.0";"2.271343"
"64370.0";"2.278238"
"64380.0";"2.227986"
"64390.0";"2.331174"
"64400.0";"2.180028"
"64410.0";"2.160672"
"64420.0";"2.321326"
"64430.0";"2.258158"
"64440.0";"2.290205"
"64450.0";"2.241651"
"64460.0";"2.180657"
"64470.0";"2.227416"
"64480.0";"2.205942"
"64490.0";"2.199387"
"64500.0";"2.239913"
"64510.0";"2.284997"
"64520.0";"2.153285"
"64530.0";"2.325533"
"64540.0";"2.287488"
"64550.0";"2.209452"
"64560.0";"2.281432"
"64570.0";"2.227664"
"64580.0";"2.229722"
"64590.0";"2.336917"
"64600.0";"2.464772"
"64610.0";"2.38534"
"64620.0";"2.445405"
"64630.0";"2.437363"
"64640.0";"2.348935"
"64650.0";"2.317203"
"64660.0";"2.274222"
"64670.0";"2.331486"
"64680.0";"2.276909"
"64690.0";"2.417522"
"64700.0";"2.636121"
"64710.0";"2.629617"
"64720.0";"2.581495"
"64730.0";"2.699674"
"64740.0";"2.616889"
"64750.0";"2.61176"
"64760.0";"2.57719"
"64770.0";"2.553146"
"64780.0";"2.591243"
"64790.0";"2.64205"
"64800.0";"2.523985"
"64810.0";"2.567796"
"64820.0";"2.515631"
"64830.0";"2.632251"
"64840.0";"2.497253"
"64850.0";"2.351563"
"64860.0";"2.502691"
"64870.0";"2.571495"
"64880.0";"2.599487"
"64890.0";"2.599539"
"64900.0";"2.619728"
"64910.0";"2.586528"
"64920.0";"2.598587"
"64930.0";"2.579089"
"64940.0";"2.614922"
"64950.0";"2.747158"
"64960.0";"2.691771"
"64970.0";"2.643336"
"64980.0";"2.721017"
"64990.0";"2.662835"
"65000.0";"2.66535"
"65010.0";"2.604012"
"65020.0";"2.553014"
"65030.0";"2.621228"
"65040.0";"2.617118"
"65050.0";"2.451623"
"65060.0";"2.512886"
"65070.0";"2.544795"
"65080.0";"2.520651"
"65090.0";"2.677652"
"65100.0";"2.549734"
"65110.0";"2.623803"
"65120.0";"2.684323"
"65130.0";"2.677463"
"65140.0";"2.592928"
"65150.0";"2.649743"
"65160.0";"2.413499"
"65170.0";"2.363012"
"65180.0";"2.248023"
"65190.0";"2.33893"
"65200.0";"2.393051"
"65210.0";"2.467799"
"65220.0";"2.532228"
"65230.0";"2.424656"
"65240.0";"2.648082"
"65250.0";"2.436188"
"65260.0";"2.340818"
"65270.0";"2.30515"
"65280.0";"2.367165"
"65290.0";"2.351413"
"65300.0";"2.459986"
"65310.0";"2.416683"
"65320.0";"2.531826"
"65330.0";"2.652336"
"65340.0";"2.635428"
"65350.0";"2.596371"
"65360.0";"2.588367"
"65370.0";"2.629025"
"65380.0";"2.658928"
"65390.0";"2.663303"
"65400.0";"2.70634"
"65410.0";"2.570023"
"65420.0";"2.626505"
"65430.0";"2.621313"
"65440.0";"2.595492"
"65450.0";"2.649888"
"65460.0";"2.614361"
"65470.0";"2.687833"
"65480.0";"2.620297"
"65490.0";"2.640726"
"65500.0";"2.593762"
"65510.0";"2.614301"
"65520.0";"2.682458"
"65530.0";"2.682298"
"65540.0";"2.61201"
"65550.0";"2.621656"
"65560.0";"2.604887"
"65570.0";"2.63117"
"65580.0";"2.657658"
"65590.0";"2.603461"
"65600.0";"2.671229"
"65610.0";"2.750427"
"65620.0";"2.66002"
"65630.0";"2.749463"
"65640.0";"2.680856"
"65650.0";"2.798488"
"65660.0";"2.747251"
"65670.0";"2.783481"
"65680.0";"2.762728"
"65690.0";"2.701788"
"65700.0";"2.705547"
"65710.0";"2.721149"
"65720.0";"2.69567"
"65730.0";"2.681293"
"65740.0";"2.717693"
"65750.0";"2.707975"
"65760.0";"2.737485"
"65770.0";"2.72887"
"65780.0";"2.802037"
"65790.0";"2.729547"
"65800.0";"2.721013"
"65810.0";"2.765411"
"65820.0";"2.782269"
"65830.0";"2.792347"
"65840.0";"2.761416"
"65850.0";"2.752303"
"65860.0";"2.767533"
"65870.0";"2.731514"
"65880.0";"2.671834"
"65890.0";"2.747133"
"65900.0";"2.709636"
"65910.0";"2.753221"
"65920.0";"2.676299"
"65930.0";"2.63763"
"65940.0";"2.72091"
"65950.0";"2.691939"
"65960.0";"2.73092"
"65970.0";"2.605098"
"65980.0";"2.605805"
"65990.0";"2.488393"
"66000.0";"2.564425"
"66010.0";"2.561011"
"66020.0";"2.489762"
"66030.0";"2.557264"
"66040.0";"2.647979"
"66050.0";"2.556937"
"66060.0";"2.499912"
"66070.0";"2.573806"
"66080.0";"2.548573"
"66090.0";"2.650049"
"66100.0";"2.532484"
"66110.0";"2.513631"
"66120.0";"2.611684"
"66130.0";"2.494448"
"66140.0";"2.576156"
"66150.0";"2.555403"
"66160.0";"2.613523"
"66170.0";"2.575701"
"66180.0";"2.547434"
"66190.0";"2.503456"
"66200.0";"2.514877"
"66210.0";"2.464384"
"66220.0";"2.485333"
"66230.0";"2.485042"
"66240.0";"2.530322"
"66250.0";"2.520044"
"66260.0";"2.467828"
"66270.0";"2.500571"
"66280.0";"2.418441"
"66290.0";"2.371484"
"66300.0";"2.450588"
"66310.0";"2.480457"
"66320.0";"2.428361"
"66330.0";"2.456676"
"66340.0";"2.449386"
"66350.0";"2.484668"
"66360.0";"2.44766"
"66370.0";"2.488019"
"66380.0";"2.561604"
"66390.0";"2.479038"
"66400.0";"2.530178"
"66410.0";"2.431608"
"66420.0";"2.506764"
"66430.0";"2.547354"
"66440.0";"2.616818"
"66450.0";"2.519382"
"66460.0";"2.402753"
"66470.0";"2.430213"
"66480.0";"2.335576"
"66490.0";"2.374392"
"66500.0";"2.398883"
"66510.0";"2.356645"
"66520.0";"2.406862"
"66530.0";"2.368213"
"66540.0";"2.240916"
"66550.0";"2.147228"
"66560.0";"2.27083"
"66570.0";"2.096803"
"66580.0";"2.277827"
"66590.0";"2.238703"
"66600.0";"2.175094"
"66610.0";"2.068234"
"66620.0";"2.036223"
"66630.0";"2.136472"
"66640.0";"2.116401"
"66650.0";"2.082759"
"66660.0";"2.027582"
"66670.0";"2.000714"
"66680.0";"2.034567"
"66690.0";"2.066407"
"66700.0";"2.030275"
"66710.0";"2.061496"
"66720.0";"2.070647"
"66730.0";"1.962395"
"66740.0";"1.994797"
"66750.0";"2.064282"
"66760.0";"2.021956"
"66770.0";"2.056332"
"66780.0";"1.987253"
"66790.0";"2.005389"
"66800.0";"2.042887"
"66810.0";"2.09821"
"66820.0";"1.980494"
"66830.0";"2.021025"
"66840.0";"1.922719"
"66850.0";"1.934416"
"66860.0";"1.984703"
"66870.0";"2.026565"
"66880.0";"2.027605"
"66890.0";"1.976968"
"66900.0";"1.97664"
"66910.0";"2.02285"
"66920.0";"2.016656"
"66930.0";"2.053127"
"66940.0";"2.031426"
"66950.0";"2.071176"
"66960.0";"2.000031"
"66970.0";"2.051185"
"66980.0";"1.945434"
"66990.0";"1.988982"
"67000.0";"2.070509"
"67010.0";"1.990192"
"67020.0";"2.072512"
"67030.0";"2.061818"
"67040.0";"1.972877"
"67050.0";"2.001385"
"67060.0";"2.101562"
"67070.0";"2.123778"
"67080.0";"2.20374"
"67090.0";"2.070305"
"67100.0";"2.102911"
"67110.0";"2.177687"
"67120.0";"2.174946"
"67130.0";"2.28149"
"67140.0";"2.279996"
"67150.0";"2.233794"
"67160.0";"2.284184"
"67170.0";"2.17686"
"67180.0";"2.229371"
"67190.0";"2.246274"
"67200.0";"2.349856"
"67210.0";"2.235241"
"67220.0";"2.140892"
"67230.0";"2.13461"
"67240.0";"2.057984"
"67250.0";"2.140309"
"67260.0";"2.288216"
"67270.0";"2.25199"
"67280.0";"2.264559"
"67290.0";"2.214638"
"67300.0";"2.286946"
"67310.0";"2.316346"
"67320.0";"2.305394"
"67330.0";"2.301443"
"67340.0";"2.335518"
"67350.0";"2.405269"
"67360.0";"2.391166"
"67370.0";"2.289504"
"67380.0";"2.116952"
"67390.0";"2.08687"
"67400.0";"1.993073"
"67410.0";"2.020288"
"67420.0";"2.018644"
"67430.0";"2.061652"
"67440.0";"2.218252"
"67450.0";"2.129759"
"67460.0";"2.096451"
"67470.0";"2.033754"
"67480.0";"1.974749"
"67490.0";"2.030252"
"67500.0";"2.079161"
"67510.0";"2.121065"
"67520.0";"2.040675"
"67530.0";"2.04178"
"67540.0";"2.127538"
"67550.0";"2.073112"
"67560.0";"2.099071"
"67570.0";"2.059167"
"67580.0";"2.073622"
"67590.0";"2.003646"
"67600.0";"2.10368"
"67610.0";"2.124711"
"67620.0";"2.10579"
"67630.0";"2.083539"
"67640.0";"2.125453"
"67650.0";"2.102945"
"67660.0";"2.046799"
"67670.0";"2.049285"
"67680.0";"2.04788"
"67690.0";"2.159316"
"67700.0";"1.966784"
"67710.0";"2.015567"
"67720.0";"2.084615"
"67730.0";"2.063782"
"67740.0";"2.05975"
"67750.0";"2.068366"
"67760.0";"2.168076"
"67770.0";"2.09797"
"67780.0";"2.225365"
"67790.0";"2.096221"
"67800.0";"2.059592"
"67810.0";"2.111034"
"67820.0";"2.06201"
"67830.0";"2.09087"
"67840.0";"2.025885"
"67850.0";"2.00771"
"67860.0";"2.051334"
"67870.0";"2.080949"
"67880.0";"2.147965"
"67890.0";"2.027461"
"67900.0";"2.121226"
"67910.0";"1.977538"
"67920.0";"1.974184"
"67930.0";"2.007428"
"67940.0";"2.064316"
"67950.0";"2.063423"
"67960.0";"2.019763"
"67970.0";"1.866396"
"67980.0";"2.0992"
"67990.0";"2.019395"
"68000.0";"2.161915"
"68010.0";"2.087876"
"68020.0";"2.05961"
"68030.0";"2.167971"
"68040.0";"2.098233"
"68050.0";"2.069919"
"68060.0";"2.100272"
"68070.0";"2.119971"
"68080.0";"2.017588"
"68090.0";"2.008664"
"68100.0";"2.088361"
"68110.0";"2.034531"
"68120.0";"2.049526"
"68130.0";"2.107498"
"68140.0";"2.061768"
"68150.0";"2.040491"
"68160.0";"2.076299"
"68170.0";"2.026948"
"68180.0";"2.031826"
"68190.0";"2.043511"
"68200.0";"2.124238"
"68210.0";"2.097247"
"68220.0";"2.113002"
"68230.0";"2.039401"
"68240.0";"2.074008"
"68250.0";"2.021646"
"68260.0";"2.141817"
"68270.0";"2.089196"
"68280.0";"2.018958"
"68290.0";"2.046426"
"68300.0";"2.023103"
"68310.0";"2.045581"
"68320.0";"2.031755"
"68330.0";"2.025362"
"68340.0";"2.043583"
"68350.0";"2.015994"
"68360.0";"2.02422"
"68370.0";"2.0605"
"68380.0";"1.993497"
"68390.0";"2.021685"
"68400.0";"2.029123"
"68410.0";"2.018704"
"68420.0";"2.055363"
"68430.0";"2.069223"
"68440.0";"2.142659"
"68450.0";"2.130768"
"68460.0";"2.116326"
"68470.0";"2.037146"
"68480.0";"2.01623"
"68490.0";"2.135768"
"68500.0";"2.118681"
"68510.0";"2.145284"
"68520.0";"2.152088"
"68530.0";"2.052816"
"68540.0";"2.119924"
"68550.0";"2.077778"
"68560.0";"2.105255"
"68570.0";"2.047214"
"68580.0";"1.978225"
"68590.0";"2.090288"
"68600.0";"2.054405"
"68610.0";"1.986031"
"68620.0";"1.970829"
"68630.0";"1.974998"
"68640.0";"2.026971"
"68650.0";"1.990346"
"68660.0";"2.05525"
"68670.0";"2.085156"
"68680.0";"2.067578"
"68690.0";"1.998016"
"68700.0";"2.055067"
"68710.0";"2.074066"
"68720.0";"2.099895"
"68730.0";"2.011774"
"68740.0";"1.98906"
"68750.0";"2.003841"
"68760.0";"2.027045"
"68770.0";"2.020016"
"68780.0";"2.057026"
"68790.0";"2.018749"
"68800.0";"2.049304"
"68810.0";"2.033354"
"68820.0";"1.987804"
"68830.0";"2.049336"
"68840.0";"2.009735"
"68850.0";"2.005845"
"68860.0";"2.011449"
"68870.0";"2.038381"
"68880.0";"1.994927"
"68890.0";"2.030292"
"68900.0";"2.105943"
"68910.0";"2.025407"
"68920.0";"1.997155"
"68930.0";"2.004266"
"68940.0";"1.993736"
"68950.0";"2.003208"
"68960.0";"2.044765"
"68970.0";"1.944147"
"68980.0";"2.065396"
"68990.0";"2.042489"
"69000.0";"2.033472"
"69010.0";"2.118249"
"69020.0";"2.072723"
"69030.0";"2.085248"
"69040.0";"2.04881"
"69050.0";"2.04635"
"69060.0";"2.064063"
"69070.0";"1.946617"
"69080.0";"1.949433"
"69090.0";"2.00469"
"69100.0";"2.018604"
"69110.0";"1.975083"
"69120.0";"1.975818"
"69130.0";"1.989406"
"69140.0";"2.001114"
"69150.0";"1.99768"
"69160.0";"2.045489"
"69170.0";"2.105491"
"69180.0";"2.050366"
"69190.0";"2.081012"
"69200.0";"2.050939"
"69210.0";"2.045953"
"69220.0";"2.038826"
"69230.0";"2.048282"
"69240.0";"2.115421"
"69250.0";"2.075293"
"69260.0";"2.029011"
"69270.0";"2.044362"
"69280.0";"2.149428"
"69290.0";"2.093683"
"69300.0";"2.061051"
"69310.0";"2.100165"
"69320.0";"2.10374"
"69330.0";"2.0979"
"69340.0";"2.091738"
"69350.0";"2.098037"
"69360.0";"2.08312"
"69370.0";"2.029117"
"69380.0";"2.027568"
"69390.0";"2.072166"
"69400.0";"2.081009"
"69410.0";"2.082021"
"69420.0";"2.046884"
"69430.0";"2.132507"
"69440.0";"2.098932"
"69450.0";"2.003349"
"69460.0";"2.126969"
"69470.0";"2.063253"
"69480.0";"2.052991"
"69490.0";"2.080617"
"69500.0";"2.034111"
"69510.0";"2.079895"
"69520.0";"2.055359"
"69530.0";"2.11284"
"69540.0";"2.139493"
"69550.0";"2.154771"
"69560.0";"2.221728"
"69570.0";"2.104763"
"69580.0";"2.145149"
"69590.0";"2.195863"
"69600.0";"2.112127"
"69610.0";"2.151716"
"69620.0";"2.288421"
"69630.0";"2.160891"
"69640.0";"2.250279"
"69650.0";"2.134448"
"69660.0";"2.141103"
"69670.0";"2.156952"
"69680.0";"2.01782"
"69690.0";"2.042249"
"69700.0";"2.113717"
"69710.0";"1.999518"
"69720.0";"2.123123"
"69730.0";"2.060655"
"69740.0";"2.03533"
"69750.0";"2.088054"
"69760.0";"2.057613"
"69770.0";"2.008938"
"69780.0";"2.015769"
"69790.0";"2.059327"
"69800.0";"2.060518"
"69810.0";"2.073937"
"69820.0";"2.111098"
"69830.0";"2.029663"
"69840.0";"2.020143"
"69850.0";"2.030108"
"69860.0";"2.061474"
"69870.0";"2.054595"
"69880.0";"2.037393"
"69890.0";"2.08294"
"69900.0";"2.071748"
"69910.0";"2.021695"
"69920.0";"1.997986"
"69930.0";"2.062959"
"69940.0";"2.038489"
"69950.0";"1.999128"
"69960.0";"2.045171"
"69970.0";"2.077771"
"69980.0";"1.994543"
"69990.0";"2.088754"
"70000.0";"2.11365"
"70010.0";"2.094448"
"70020.0";"2.099212"
"70030.0";"2.006422"
"70040.0";"2.037403"
"70050.0";"2.087769"
"70060.0";"2.118361"
"70070.0";"2.067811"
"70080.0";"2.055566"
"70090.0";"1.995947"
"70100.0";"1.970809"
"70110.0";"2.02733"
"70120.0";"2.0548"
"70130.0";"2.037107"
"70140.0";"2.052858"
"70150.0";"2.081625"
"70160.0";"2.036674"
"70170.0";"2.086357"
"70180.0";"2.03467"
"70190.0";"2.003998"
"70200.0";"2.103586"
"70210.0";"2.123464"
"70220.0";"2.096767"
"70230.0";"2.132781"
"70240.0";"2.002149"
"70250.0";"2.120444"
"70260.0";"1.999149"
"70270.0";"1.991752"
"70280.0";"2.027286"
"70290.0";"2.006831"
"70300.0";"1.975667"
"70310.0";"2.03902"
"70320.0";"2.078104"
"70330.0";"1.948067"
"70340.0";"2.027029"
"70350.0";"2.027829"
"70360.0";"2.027322"
"70370.0";"2.039724"
"70380.0";"2.015463"
"70390.0";"2.029229"
"70400.0";"2.069441"
"70410.0";"2.092486"
"70420.0";"2.082643"
"70430.0";"2.011636"
"70440.0";"2.020031"
"70450.0";"1.985222"
"70460.0";"2.096475"
"70470.0";"2.000617"
"70480.0";"2.030444"
"70490.0";"2.072176"
"70500.0";"1.95792"
"70510.0";"2.021778"
"70520.0";"2.017398"
"70530.0";"2.014723"
"70540.0";"2.011321"
"70550.0";"2.027761"
"70560.0";"2.057271"
"70570.0";"2.034594"
"70580.0";"2.039492"
"70590.0";"1.996332"
"70600.0";"2.057364"
"70610.0";"2.014399"
"70620.0";"2.072576"
"70630.0";"2.044224"
"70640.0";"2.081367"
"70650.0";"2.062238"
"70660.0";"2.05886"
"70670.0";"1.993506"
"70680.0";"2.105304"
"70690.0";"2.068553"
"70700.0";"2.050333"
"70710.0";"2.123171"
"70720.0";"2.151195"
"70730.0";"2.080673"
"70740.0";"2.095429"
"70750.0";"2.038232"
"70760.0";"2.011037"
"70770.0";"2.017326"
"70780.0";"1.978661"
"70790.0";"2.000227"
"70800.0";"2.094059"
"70810.0";"2.008883"
"70820.0";"2.087659"
"70830.0";"2.024858"
"70840.0";"2.048779"
"70850.0";"2.079747"
"70860.0";"1.981578"
"70870.0";"2.042309"
"70880.0";"2.123444"
"70890.0";"2.026093"
"70900.0";"2.033118"
"70910.0";"1.94058"
"70920.0";"2.03383"
"70930.0";"2.100676"
"70940.0";"2.047691"
"70950.0";"2.041366"
"70960.0";"2.037079"
"70970.0";"2.070722"
"70980.0";"2.010289"
"70990.0";"2.028741"
"71000.0";"2.01265"
"71010.0";"1.96184"
"71020.0";"1.995594"
"71030.0";"2.072726"
"71040.0";"2.006052"
"71050.0";"2.028055"
"71060.0";"2.111416"
"71070.0";"2.085651"
"71080.0";"2.045459"
"71090.0";"2.018802"
"71100.0";"2.091474"
"71110.0";"2.101576"
"71120.0";"2.043991"
"71130.0";"1.992741"
"71140.0";"2.029386"
"71150.0";"2.061325"
"71160.0";"1.9931"
"71170.0";"2.045466"
"71180.0";"2.045269"
"71190.0";"2.026629"
"71200.0";"2.120091"
"71210.0";"2.092328"
"71220.0";"2.079377"
"71230.0";"2.083192"
"71240.0";"2.036185"
"71250.0";"2.144576"
"71260.0";"2.100884"
"71270.0";"1.964683"
"71280.0";"1.995089"
"71290.0";"2.090411"
"71300.0";"2.099807"
"71310.0";"2.02857"
"71320.0";"2.032343"
"71330.0";"1.984692"
"71340.0";"2.074929"
"71350.0";"2.07945"
"71360.0";"2.104788"
"71370.0";"2.086702"
"71380.0";"2.008898"
"71390.0";"2.081161"
"71400.0";"2.046678"
"71410.0";"2.081159"
"71420.0";"2.05619"
"71430.0";"2.016011"
"71440.0";"2.059762"
"71450.0";"2.054883"
"71460.0";"2.088646"
"71470.0";"2.059502"
"71480.0";"2.06149"
"71490.0";"2.08655"
"71500.0";"2.034177"
"71510.0";"2.074025"
"71520.0";"2.03613"
"71530.0";"2.040929"
"71540.0";"2.100517"
"71550.0";"2.032966"
"71560.0";"2.068153"
"71570.0";"2.071007"
"71580.0";"2.048184"
"71590.0";"2.091916"
"71600.0";"2.054902"
"71610.0";"2.114386"
"71620.0";"2.091739"
"71630.0";"2.003566"
"71640.0";"2.032017"
"71650.0";"2.042422"
"71660.0";"2.060432"
"71670.0";"2.094579"
"71680.0";"1.986478"
"71690.0";"2.088309"
"71700.0";"2.033775"
"71710.0";"2.050172"
"71720.0";"2.065448"
"71730.0";"2.005992"
"71740.0";"2.091293"
"71750.0";"2.180526"
"71760.0";"2.005613"
"71770.0";"2.032049"
"71780.0";"2.085318"
"71790.0";"2.046632"
"71800.0";"2.032456"
"71810.0";"2.036203"
"71820.0";"2.027938"
"71830.0";"2.133366"
"71840.0";"2.112039"
"71850.0";"1.987612"
"71860.0";"1.935027"
"71870.0";"2.004328"
"71880.0";"2.041346"
"71890.0";"1.991417"
"71900.0";"2.021871"
"71910.0";"2.046631"
"71920.0";"1.967781"
"71930.0";"2.052804"
"71940.0";"2.039951"
"71950.0";"2.005008"
"71960.0";"2.079271"
"71970.0";"1.951985"
"71980.0";"2.011899"
"71990.0";"1.982807"
"72000.0";"2.038615"
"72010.0";"2.055865"
"72020.0";"2.048795"
"72030.0";"2.020009"
"72040.0";"2.028707"
"72050.0";"1.982262"
"72060.0";"2.007254"
"72070.0";"2.008905"
"72080.0";"2.010225"
"72090.0";"2.084751"
"72100.0";"2.069166"
"72110.0";"2.096857"
"72120.0";"2.002852"
"72130.0";"2.067171"
"72140.0";"2.049955"
"72150.0";"2.103622"
"72160.0";"2.101326"
"72170.0";"2.049581"
"72180.0";"2.050085"
"72190.0";"2.003487"
"72200.0";"2.058282"
"72210.0";"1.98089"
"72220.0";"2.051864"
"72230.0";"2.00637"
"72240.0";"2.040241"
"72250.0";"2.052357"
"72260.0";"2.081155"
"72270.0";"1.986783"
"72280.0";"2.151326"
"72290.0";"2.162938"
"72300.0";"2.027422"
"72310.0";"2.061835"
"72320.0";"2.083737"
"72330.0";"2.044266"
"72340.0";"1.996047"
"72350.0";"1.974925"
"72360.0";"2.063242"
"72370.0";"2.038353"
"72380.0";"2.053338"
"72390.0";"2.111968"
"72400.0";"2.230551"
"72410.0";"2.124851"
"72420.0";"2.091517"
"72430.0";"2.028329"
"72440.0";"1.99661"
"72450.0";"1.982813"
"72460.0";"2.068797"
"72470.0";"1.984179"
"72480.0";"2.047607"
"72490.0";"2.079181"
"72500.0";"2.009583"
"72510.0";"2.01292"
"72520.0";"2.011637"
"72530.0";"2.068078"
"72540.0";"2.055688"
"72550.0";"1.937798"
"72560.0";"2.049015"
"72570.0";"2.01409"
"72580.0";"2.085143"
"72590.0";"2.002908"
"72600.0";"2.020838"
"72610.0";"2.055027"
"72620.0";"2.083667"
"72630.0";"2.079701"
"72640.0";"2.065511"
"72650.0";"2.029946"
"72660.0";"1.995205"
"72670.0";"2.04039"
"72680.0";"2.068741"
"72690.0";"2.013909"
"72700.0";"2.042385"
"72710.0";"2.077958"
"72720.0";"2.058214"
"72730.0";"2.057777"
"72740.0";"2.00601"
"72750.0";"2.073057"
"72760.0";"2.033339"
"72770.0";"2.072981"
"72780.0";"2.068001"
"72790.0";"2.082811"
"72800.0";"2.007497"
"72810.0";"1.992156"
"72820.0";"2.064365"
"72830.0";"2.046037"
"72840.0";"2.043342"
"72850.0";"1.994148"
"72860.0";"2.066803"
"72870.0";"2.022492"
"72880.0";"2.001205"
"72890.0";"1.949536"
"72900.0";"2.039966"
"72910.0";"1.99788"
"72920.0";"2.094255"
"72930.0";"1.966104"
"72940.0";"2.049134"
"72950.0";"2.04883"
"72960.0";"2.012129"
"72970.0";"2.034163"
"72980.0";"2.107448"
"72990.0";"2.005348"
"73000.0";"1.996279"
"73010.0";"1.96947"
"73020.0";"2.055841"
"73030.0";"2.043992"
"73040.0";"2.002268"
"73050.0";"1.986719"
"73060.0";"1.9985"
"73070.0";"2.12789"
"73080.0";"2.078185"
"73090.0";"2.073996"
"73100.0";"2.05103"
"73110.0";"1.978552"
"73120.0";"2.099971"
"73130.0";"2.041456"
"73140.0";"2.025715"
"73150.0";"2.085876"
"73160.0";"2.098549"
"73170.0";"2.076526"
"73180.0";"2.048321"
"73190.0";"2.103508"
"73200.0";"2.093433"
"73210.0";"2.110124"
"73220.0";"2.019035"
"73230.0";"2.073148"
"73240.0";"2.034184"
"73250.0";"2.125487"
"73260.0";"2.105364"
"73270.0";"2.108199"
"73280.0";"2.093404"
"73290.0";"2.064852"
"73300.0";"2.10849"
"73310.0";"2.076356"
"73320.0";"2.162428"
"73330.0";"2.15605"
"73340.0";"2.140483"
"73350.0";"2.057829"
"73360.0";"2.039218"
"73370.0";"2.14121"
"73380.0";"2.088042"
"73390.0";"2.101052"
"73400.0";"2.045346"
"73410.0";"2.074928"
"73420.0";"2.122379"
"73430.0";"2.057659"
"73440.0";"2.03107"
"73450.0";"2.016816"
"73460.0";"2.012672"
"73470.0";"2.057286"
"73480.0";"2.114509"
"73490.0";"2.050116"
"73500.0";"2.202122"
"73510.0";"2.14853"
"73520.0";"2.070516"
"73530.0";"2.01354"
"73540.0";"1.959623"
"73550.0";"2.071464"
"73560.0";"2.046679"
"73570.0";"2.055627"
"73580.0";"2.024979"
"73590.0";"2.034612"
"73600.0";"2.044174"
"73610.0";"2.039117"
"73620.0";"1.98914"
"73630.0";"2.014222"
"73640.0";"2.154223"
"73650.0";"1.959532"
"73660.0";"2.028445"
"73670.0";"2.005393"
"73680.0";"2.103608"
"73690.0";"2.014315"
"73700.0";"2.113291"
"73710.0";"2.09528"
"73720.0";"2.04559"
"73730.0";"2.060361"
"73740.0";"2.056442"
"73750.0";"2.058486"
"73760.0";"1.990416"
"73770.0";"2.115633"
"73780.0";"2.036155"
"73790.0";"2.042355"
"73800.0";"2.014254"
"73810.0";"2.002917"
"73820.0";"2.006313"
"73830.0";"2.08493"
"73840.0";"2.000123"
"73850.0";"2.013853"
"73860.0";"1.983524"
"73870.0";"2.019004"
"73880.0";"2.049364"
"73890.0";"2.052153"
"73900.0";"2.125364"
"73910.0";"2.058486"
"73920.0";"2.054794"
"73930.0";"2.005594"
"73940.0";"1.964027"
"73950.0";"1.987195"
"73960.0";"2.007973"
"73970.0";"2.00347"
"73980.0";"2.064346"
"73990.0";"2.047791"
"74000.0";"1.998788"
"74010.0";"2.070983"
"74020.0";"2.041503"
"74030.0";"2.092413"
"74040.0";"2.104169"
"74050.0";"2.114994"
"74060.0";"2.039781"
"74070.0";"2.004377"
"74080.0";"1.972578"
"74090.0";"2.020526"
"74100.0";"2.032629"
"74110.0";"1.978756"
"74120.0";"2.001673"
"74130.0";"2.042294"
"74140.0";"2.040038"
"74150.0";"2.011957"
"74160.0";"2.134832"
"74170.0";"2.060456"
"74180.0";"1.992702"
"74190.0";"2.018484"
"74200.0";"2.048741"
"74210.0";"2.100818"
"74220.0";"2.04349"
"74230.0";"2.049291"
"74240.0";"2.034123"
"74250.0";"2.057437"
"74260.0";"2.016316"
"74270.0";"2.048368"
"74280.0";"2.102258"
"74290.0";"2.075496"
"74300.0";"2.058965"
"74310.0";"2.086423"
"74320.0";"2.046542"
"74330.0";"2.158885"
"74340.0";"2.05936"
"74350.0";"2.066064"
"74360.0";"1.986837"
"74370.0";"2.115195"
"74380.0";"1.949574"
"74390.0";"2.028119"
"74400.0";"2.110343"
"74410.0";"2.072335"
"74420.0";"2.088934"
"74430.0";"2.121183"
"74440.0";"2.097538"
"74450.0";"2.113544"
"74460.0";"2.088239"
"74470.0";"2.056007"
"74480.0";"2.025464"
"74490.0";"2.018761"
"74500.0";"2.026873"
"74510.0";"2.044071"
"74520.0";"2.098063"
"74530.0";"1.954613"
"74540.0";"1.996977"
"74550.0";"2.108612"
"74560.0";"2.017635"
"74570.0";"1.999918"
"74580.0";"2.019561"
"74590.0";"1.987101"
"74600.0";"2.046931"
"74610.0";"1.981755"
"74620.0";"2.07775"
"74630.0";"2.007985"
"74640.0";"2.077232"
"74650.0";"2.04974"
"74660.0";"2.088106"
"74670.0";"1.98176"
"74680.0";"2.00653"
"74690.0";"2.035183"
"74700.0";"1.993739"
"74710.0";"2.106411"
"74720.0";"2.062445"
"74730.0";"2.057425"
"74740.0";"2.093701"
"74750.0";"1.996456"
"74760.0";"2.093598"
"74770.0";"2.010505"
"74780.0";"2.058816"
"74790.0";"1.993383"
"74800.0";"2.001441"
"74810.0";"1.991531"
"74820.0";"2.048271"
"74830.0";"2.039725"
"74840.0";"2.040031"
"74850.0";"1.993824"
"74860.0";"2.049187"
"74870.0";"2.108963"
"74880.0";"2.085244"
"74890.0";"2.032091"
"74900.0";"2.070378"
"74910.0";"2.028934"
"74920.0";"2.016117"
"74930.0";"1.965031"
"74940.0";"1.995842"
"74950.0";"1.982409"
"74960.0";"2.123292"
"74970.0";"2.055011"
"74980.0";"2.092481"
"74990.0";"2.053287"
"75000.0";"2.049179"
"75010.0";"2.064553"
"75020.0";"2.112918"
"75030.0";"2.11472"
"75040.0";"2.018776"
"75050.0";"2.090004"
"75060.0";"1.970705"
"75070.0";"2.046625"
"75080.0";"2.028222"
"75090.0";"2.122138"
"75100.0";"1.965513"
"75110.0";"1.97873"
"75120.0";"1.989976"
"75130.0";"2.063543"
"75140.0";"2.03975"
"75150.0";"2.033452"
"75160.0";"2.007143"
"75170.0";"2.05612"
"75180.0";"2.050503"
"75190.0";"1.967045"
"75200.0";"2.016062"
"75210.0";"2.034703"
"75220.0";"2.017403"
"75230.0";"2.048024"
"75240.0";"2.024805"
"75250.0";"2.093342"
"75260.0";"2.163018"
"75270.0";"2.110414"
"75280.0";"2.007707"
"75290.0";"2.001925"
"75300.0";"2.049312"
"75310.0";"2.026374"
"75320.0";"2.101515"
"75330.0";"1.96598"
"75340.0";"2.104025"
"75350.0";"2.087903"
"75360.0";"2.061381"
"75370.0";"2.034019"
"75380.0";"2.088321"
"75390.0";"2.086777"
"75400.0";"1.989932"
"75410.0";"1.980671"
"75420.0";"2.013696"
"75430.0";"2.094414"
"75440.0";"2.074081"
"75450.0";"2.024763"
"75460.0";"2.03459"
"75470.0";"2.023888"
"75480.0";"2.000301"
"75490.0";"2.114181"
"75500.0";"2.093687"
"75510.0";"2.067809"
"75520.0";"2.036446"
"75530.0";"2.059188"
"75540.0";"2.067613"
"75550.0";"2.106454"
"75560.0";"2.106715"
"75570.0";"2.010606"
"75580.0";"2.022924"
"75590.0";"2.045087"
"75600.0";"2.071609"
"75610.0";"2.028452"
"75620.0";"2.082041"
"75630.0";"2.041924"
"75640.0";"2.031669"
"75650.0";"2.092192"
"75660.0";"2.037859"
"75670.0";"2.051902"
"75680.0";"2.005178"
"75690.0";"2.030673"
"75700.0";"2.061019"
"75710.0";"2.049527"
"75720.0";"2.057013"
"75730.0";"2.102556"
"75740.0";"2.087702"
"75750.0";"2.034688"
"75760.0";"2.062399"
"75770.0";"2.154603"
"75780.0";"2.07944"
"75790.0";"2.12239"
"75800.0";"2.164251"
"75810.0";"2.130724"
"75820.0";"2.111036"
"75830.0";"2.135247"
"75840.0";"2.084281"
"75850.0";"2.050172"
"75860.0";"2.027197"
"75870.0";"2.063865"
"75880.0";"2.022352"
"75890.0";"1.947833"
"75900.0";"2.012305"
"75910.0";"2.030016"
"75920.0";"2.038186"
"75930.0";"2.069621"
"75940.0";"1.993135"
"75950.0";"2.016973"
"75960.0";"2.01008"
"75970.0";"2.054817"
"75980.0";"2.030276"
"75990.0";"2.044821"
"76000.0";"2.005878"
"76010.0";"2.072135"
"76020.0";"2.108701"
"76030.0";"2.042556"
"76040.0";"2.10348"
"76050.0";"2.120403"
"76060.0";"2.03326"
"76070.0";"2.04986"
"76080.0";"2.052756"
"76090.0";"2.10246"
"76100.0";"2.085641"
"76110.0";"2.124728"
"76120.0";"2.096786"
"76130.0";"2.034814"
"76140.0";"2.023495"
"76150.0";"2.057787"
"76160.0";"2.123559"
"76170.0";"2.143239"
"76180.0";"2.129966"
"76190.0";"2.007145"
"76200.0";"2.081744"
"76210.0";"2.053589"
"76220.0";"2.12269"
"76230.0";"2.137742"
"76240.0";"2.051519"
"76250.0";"1.99453"
"76260.0";"1.942306"
"76270.0";"2.019923"
"76280.0";"2.025641"
"76290.0";"1.996668"
"76300.0";"2.06088"
"76310.0";"2.033004"
"76320.0";"2.076487"
"76330.0";"2.099776"
"76340.0";"2.065669"
"76350.0";"2.093293"
"76360.0";"2.015481"
"76370.0";"2.017312"
"76380.0";"2.00517"
"76390.0";"2.00462"
"76400.0";"2.086376"
"76410.0";"2.026201"
"76420.0";"2.028975"
"76430.0";"2.061939"
"76440.0";"1.978061"
"76450.0";"2.03133"
"76460.0";"2.02723"
"76470.0";"2.032259"
"76480.0";"2.008379"
"76490.0";"1.931665"
"76500.0";"2.036376"
"76510.0";"2.04649"
"76520.0";"2.110945"
"76530.0";"2.118469"
"76540.0";"2.011703"
"76550.0";"1.946518"
"76560.0";"1.980231"
"76570.0";"2.075324"
"76580.0";"2.090783"
"76590.0";"2.122673"
"76600.0";"2.079194"
"76610.0";"2.088161"
"76620.0";"2.100397"
"76630.0";"2.030914"
"76640.0";"2.009322"
"76650.0";"2.076388"
"76660.0";"2.146508"
"76670.0";"2.084641"
"76680.0";"2.002881"
"76690.0";"1.993873"
"76700.0";"2.012177"
"76710.0";"2.05075"
"76720.0";"2.094896"
"76730.0";"2.108688"
"76740.0";"2.022575"
"76750.0";"2.086486"
"76760.0";"2.013209"
"76770.0";"2.038384"
"76780.0";"2.009395"
"76790.0";"1.983545"
"76800.0";"2.056901"
"76810.0";"1.982923"
"76820.0";"2.067373"
"76830.0";"2.089265"
"76840.0";"1.998272"
"76850.0";"2.028972"
"76860.0";"2.056995"
"76870.0";"2.182667"
"76880.0";"1.9432"
"76890.0";"2.036366"
"76900.0";"2.068527"
"76910.0";"2.030246"
"76920.0";"2.105834"
"76930.0";"2.008457"
"76940.0";"2.035093"
"76950.0";"2.027601"
"76960.0";"1.97082"
"76970.0";"1.995304"
"76980.0";"2.024997"
"76990.0";"2.015135"
"77000.0";"2.017798"
"77010.0";"1.99206"
"77020.0";"1.996096"
"77030.0";"2.076538"
"77040.0";"2.068326"
"77050.0";"2.092282"
"77060.0";"2.022986"
"77070.0";"2.122216"
"77080.0";"2.086118"
"77090.0";"2.110672"
"77100.0";"2.043581"
"77110.0";"2.096211"
"77120.0";"2.018312"
"77130.0";"2.000432"
"77140.0";"2.028893"
"77150.0";"2.062163"
"77160.0";"2.17284"
"77170.0";"2.079211"
"77180.0";"2.055696"
"77190.0";"2.136109"
"77200.0";"2.073318"
"77210.0";"2.074597"
"77220.0";"2.127804"
"77230.0";"2.072471"
"77240.0";"2.090032"
"77250.0";"2.004867"
"77260.0";"2.041425"
"77270.0";"2.113949"
"77280.0";"2.098056"
"77290.0";"2.143962"
"77300.0";"2.087546"
"77310.0";"1.989496"
"77320.0";"2.043635"
"77330.0";"2.076614"
"77340.0";"2.130574"
"77350.0";"2.182742"
"77360.0";"2.107207"
"77370.0";"1.986645"
"77380.0";"2.051861"
"77390.0";"2.041545"
"77400.0";"2.026705"
"77410.0";"2.088261"
"77420.0";"2.139835"
"77430.0";"2.031961"
"77440.0";"2.031684"
"77450.0";"2.113978"
"77460.0";"2.071229"
"77470.0";"2.114698"
"77480.0";"2.002795"
"77490.0";"2.102876"
"77500.0";"2.12048"
"77510.0";"2.098777"
"77520.0";"2.047914"
"77530.0";"2.035551"
"77540.0";"2.086044"
"77550.0";"2.113751"
"77560.0";"2.071528"
"77570.0";"1.998579"
"77580.0";"2.054253"
"77590.0";"2.094529"
"77600.0";"2.080264"
"77610.0";"2.132197"
"77620.0";"2.16868"
"77630.0";"2.101328"
"77640.0";"2.144547"
"77650.0";"2.046836"
"77660.0";"2.052458"
"77670.0";"2.055067"
"77680.0";"2.051183"
"77690.0";"1.93787"
"77700.0";"2.096762"
"77710.0";"2.103257"
"77720.0";"2.063582"
"77730.0";"2.108937"
"77740.0";"2.080805"
"77750.0";"2.072716"
"77760.0";"2.130597"
"77770.0";"2.167987"
"77780.0";"2.123069"
"77790.0";"2.125056"
"77800.0";"2.125676"
"77810.0";"2.084383"
"77820.0";"2.078684"
"77830.0";"1.983315"
"77840.0";"2.038874"
"77850.0";"2.013756"
"77860.0";"2.161268"
"77870.0";"2.032901"
"77880.0";"2.008147"
"77890.0";"2.056864"
"77900.0";"2.082213"
"77910.0";"2.08109"
"77920.0";"2.144253"
"77930.0";"2.060472"
"77940.0";"1.976412"
"77950.0";"2.11094"
"77960.0";"2.171103"
"77970.0";"2.117996"
"77980.0";"2.120281"
"77990.0";"2.168066"
"78000.0";"2.247316"
"78010.0";"2.241303"
"78020.0";"2.092394"
"78030.0";"2.086642"
"78040.0";"2.107841"
"78050.0";"2.071397"
"78060.0";"2.011301"
"78070.0";"1.984994"
"78080.0";"2.05151"
"78090.0";"2.055313"
"78100.0";"2.06901"
"78110.0";"2.060767"
"78120.0";"2.008622"
"78130.0";"2.045017"
"78140.0";"2.050021"
"78150.0";"1.990029"
"78160.0";"2.103339"
"78170.0";"2.051248"
"78180.0";"2.02595"
"78190.0";"1.966393"
"78200.0";"2.000051"
"78210.0";"2.044213"
"78220.0";"2.085845"
"78230.0";"2.062749"
"78240.0";"2.147764"
"78250.0";"2.037785"
"78260.0";"2.112924"
"78270.0";"2.030171"
"78280.0";"2.087795"
"78290.0";"2.063257"
"78300.0";"1.990032"
"78310.0";"2.105597"
"78320.0";"2.020304"
"78330.0";"2.00983"
"78340.0";"2.088461"
"78350.0";"2.091995"
"78360.0";"2.054811"
"78370.0";"2.037181"
"78380.0";"2.081067"
"78390.0";"2.037329"
"78400.0";"2.012043"
"78410.0";"1.976694"
"78420.0";"2.066083"
"78430.0";"1.978176"
"78440.0";"2.055924"
"78450.0";"2.044054"
"78460.0";"2.029115"
"78470.0";"2.132793"
"78480.0";"2.06564"
"78490.0";"2.05616"
"78500.0";"2.045627"
"78510.0";"2.095394"
"78520.0";"2.063735"
"78530.0";"2.103452"
"78540.0";"2.092735"
"78550.0";"2.07553"
"78560.0";"2.10582"
"78570.0";"2.12429"
"78580.0";"2.096918"
"78590.0";"2.0574"
"78600.0";"2.082093"
"78610.0";"2.085021"
"78620.0";"2.04555"
"78630.0";"2.132336"
"78640.0";"2.039637"
"78650.0";"2.063642"
"78660.0";"2.07311"
"78670.0";"2.133367"
"78680.0";"2.070071"
"78690.0";"2.084987"
"78700.0";"2.083619"
"78710.0";"2.147942"
"78720.0";"2.261816"
"78730.0";"2.243575"
"78740.0";"2.20667"
"78750.0";"2.221055"
"78760.0";"2.204832"
"78770.0";"2.178818"
"78780.0";"2.134046"
"78790.0";"2.131898"
"78800.0";"2.070323"
"78810.0";"2.059013"
"78820.0";"2.097535"
"78830.0";"1.99186"
"78840.0";"2.097462"
"78850.0";"2.171538"
"78860.0";"2.104166"
"78870.0";"1.98575"
"78880.0";"1.993186"
"78890.0";"2.045255"
"78900.0";"2.026123"
"78910.0";"2.062438"
"78920.0";"2.078086"
"78930.0";"2.070762"
"78940.0";"2.044066"
"78950.0";"2.0835"
"78960.0";"1.995694"
"78970.0";"2.114316"
"78980.0";"2.022703"
"78990.0";"2.048963"
"79000.0";"2.002811"
"79010.0";"2.100874"
"79020.0";"2.070508"
"79030.0";"2.064889"
"79040.0";"2.135463"
"79050.0";"2.076655"
"79060.0";"2.046906"
"79070.0";"2.058012"
"79080.0";"2.129326"
"79090.0";"2.048934"
"79100.0";"2.048019"
"79110.0";"2.054972"
"79120.0";"2.148797"
"79130.0";"2.130026"
"79140.0";"2.099413"
"79150.0";"2.055658"
"79160.0";"2.080581"
"79170.0";"2.048448"
"79180.0";"2.143646"
"79190.0";"2.080736"
"79200.0";"2.13671"
"79210.0";"2.121689"
"79220.0";"2.079084"
"79230.0";"2.082127"
"79240.0";"2.079021"
"79250.0";"2.094745"
"79260.0";"2.116083"
"79270.0";"2.052076"
"79280.0";"2.084897"
"79290.0";"2.073728"
"79300.0";"2.075968"
"79310.0";"2.036698"
"79320.0";"2.062537"
"79330.0";"2.000178"
"79340.0";"2.020094"
"79350.0";"2.070802"
"79360.0";"2.048705"
"79370.0";"2.009206"
"79380.0";"2.039579"
"79390.0";"2.050004"
"79400.0";"2.022067"
"79410.0";"2.147016"
"79420.0";"2.218643"
"79430.0";"2.128324"
"79440.0";"2.02606"
"79450.0";"2.03558"
"79460.0";"2.000657"
"79470.0";"2.044665"
"79480.0";"2.013482"
"79490.0";"2.014465"
"79500.0";"2.032718"
"79510.0";"2.03523"
"79520.0";"1.983131"
"79530.0";"2.054871"
"79540.0";"2.02298"
"79550.0";"2.081204"
"79560.0";"2.028746"
"79570.0";"2.025889"
"79580.0";"2.001923"
"79590.0";"2.036322"
"79600.0";"2.036768"
"79610.0";"1.993279"
"79620.0";"1.982424"
"79630.0";"2.075958"
"79640.0";"2.109111"
"79650.0";"2.129594"
"79660.0";"2.067476"
"79670.0";"2.001193"
"79680.0";"2.019467"
"79690.0";"2.009574"
"79700.0";"2.018148"
"79710.0";"1.98213"
"79720.0";"2.067804"
"79730.0";"2.123789"
"79740.0";"2.083895"
"79750.0";"2.028452"
"79760.0";"2.056251"
"79770.0";"2.003024"
"79780.0";"2.065861"
"79790.0";"2.00569"
"79800.0";"2.064165"
"79810.0";"2.153566"
"79820.0";"2.089975"
"79830.0";"2.007785"
"79840.0";"1.898619"
"79850.0";"2.016958"
"79860.0";"1.944264"
"79870.0";"1.92071"
"79880.0";"2.042591"
"79890.0";"2.077705"
"79900.0";"2.039561"
"79910.0";"2.045618"
"79920.0";"2.028415"
"79930.0";"2.063795"
"79940.0";"2.016442"
"79950.0";"2.05677"
"79960.0";"2.072386"
"79970.0";"2.055102"
"79980.0";"2.119288"
"79990.0";"2.170245"
"80000.0";"2.121734"
"80010.0";"2.059731"
"80020.0";"2.012465"
"80030.0";"2.056777"
"80040.0";"2.019037"
"80050.0";"2.055332"
"80060.0";"2.034757"
"80070.0";"2.127976"
"80080.0";"2.085529"
"80090.0";"2.075375"
"80100.0";"2.021058"
"80110.0";"2.135781"
"80120.0";"2.104892"
"80130.0";"2.049562"
"80140.0";"2.121462"
"80150.0";"2.101928"
"80160.0";"2.073129"
"80170.0";"2.077832"
"80180.0";"2.044091"
"80190.0";"2.006915"
"80200.0";"2.022537"
"80210.0";"1.979498"
"80220.0";"2.100427"
"80230.0";"2.02609"
"80240.0";"2.003231"
"80250.0";"2.006661"
"80260.0";"2.038543"
"80270.0";"2.09376"
"80280.0";"2.086357"
"80290.0";"2.027588"
"80300.0";"2.085345"
"80310.0";"2.062445"
"80320.0";"2.030931"
"80330.0";"2.000477"
"80340.0";"1.992423"
"80350.0";"2.000086"
"80360.0";"2.110216"
"80370.0";"2.046901"
"80380.0";"2.008611"
"80390.0";"1.977883"
"80400.0";"2.033973"
"80410.0";"2.046712"
"80420.0";"2.069236"
"80430.0";"2.106542"
"80440.0";"2.155538"
"80450.0";"2.078254"
"80460.0";"1.967503"
"80470.0";"2.035282"
"80480.0";"2.065742"
"80490.0";"2.069613"
"80500.0";"1.953816"
"80510.0";"1.995871"
"80520.0";"2.078039"
"80530.0";"2.014252"
"80540.0";"1.976881"
"80550.0";"2.019507"
"80560.0";"2.101458"
"80570.0";"2.058079"
"80580.0";"2.033967"
"80590.0";"2.088516"
"80600.0";"2.043031"
"80610.0";"2.007321"
"80620.0";"2.031587"
"80630.0";"2.0492"
"80640.0";"2.097708"
"80650.0";"2.034366"
"80660.0";"2.116714"
"80670.0";"1.939122"
"80680.0";"2.054836"
"80690.0";"2.075729"
"80700.0";"2.033591"
"80710.0";"2.080106"
"80720.0";"2.106273"
"80730.0";"2.076693"
"80740.0";"2.039896"
"80750.0";"2.021788"
"80760.0";"1.99276"
"80770.0";"1.935694"
"80780.0";"1.955499"
"80790.0";"1.999214"
"80800.0";"2.019688"
"80810.0";"2.006777"
"80820.0";"2.061485"
"80830.0";"2.118154"
"80840.0";"2.016599"
"80850.0";"2.068853"
"80860.0";"2.046126"
"80870.0";"1.961573"
"80880.0";"1.981172"
"80890.0";"1.977991"
"80900.0";"1.991623"
"80910.0";"2.018029"
"80920.0";"2.056577"
"80930.0";"2.055857"
"80940.0";"2.11446"
"80950.0";"2.091158"
"80960.0";"2.100372"
"80970.0";"2.111397"
"80980.0";"2.104351"
"80990.0";"2.156242"
"81000.0";"2.159212"
"81010.0";"2.070444"
"81020.0";"2.15493"
"81030.0";"2.051497"
"81040.0";"2.132309"
"81050.0";"2.069754"
"81060.0";"2.078907"
"81070.0";"2.178313"
"81080.0";"2.12982"
"81090.0";"2.11329"
"81100.0";"2.172885"
"81110.0";"2.157028"
"81120.0";"2.213177"
"81130.0";"2.175664"
"81140.0";"2.179243"
"81150.0";"2.076307"
"81160.0";"2.004388"
"81170.0";"2.142382"
"81180.0";"2.14873"
"81190.0";"2.116225"
"81200.0";"2.110812"
"81210.0";"2.130884"
"81220.0";"2.125878"
"81230.0";"2.161315"
"81240.0";"2.097876"
"81250.0";"2.169624"
"81260.0";"2.157437"
"81270.0";"2.110781"
"81280.0";"2.058702"
"81290.0";"2.159611"
"81300.0";"2.110666"
"81310.0";"2.189713"
"81320.0";"2.129255"
"81330.0";"2.025387"
"81340.0";"2.058571"
"81350.0";"2.139996"
"81360.0";"2.042778"
"81370.0";"2.093435"
"81380.0";"2.090651"
"81390.0";"2.207263"
"81400.0";"2.094488"
"81410.0";"2.060562"
"81420.0";"2.004608"
"81430.0";"2.049128"
"81440.0";"2.041488"
"81450.0";"2.077344"
"81460.0";"2.120469"
"81470.0";"2.098397"
"81480.0";"2.095507"
"81490.0";"2.087041"
"81500.0";"2.067549"
"81510.0";"2.109204"
"81520.0";"2.051628"
"81530.0";"2.115499"
"81540.0";"2.132143"
"81550.0";"2.112089"
"81560.0";"2.072154"
"81570.0";"2.091957"
"81580.0";"2.062699"
"81590.0";"2.059256"
"81600.0";"2.091004"
"81610.0";"2.08927"
"81620.0";"2.100068"
"81630.0";"2.069031"
"81640.0";"2.122355"
"81650.0";"2.159282"
"81660.0";"2.172431"
"81670.0";"2.173225"
"81680.0";"2.166647"
"81690.0";"2.172235"
"81700.0";"2.198319"
"81710.0";"2.125624"
"81720.0";"2.115647"
"81730.0";"2.183038"
"81740.0";"2.124761"
"81750.0";"2.119009"
"81760.0";"2.08212"
"81770.0";"2.172726"
"81780.0";"2.159786"
"81790.0";"2.031808"
"81800.0";"2.009262"
"81810.0";"2.082326"
"81820.0";"2.156347"
"81830.0";"2.094662"
"81840.0";"2.124611"
"81850.0";"2.068026"
"81860.0";"2.081629"
"81870.0";"2.029665"
"81880.0";"2.127611"
"81890.0";"2.204808"
"81900.0";"2.159839"
"81910.0";"2.198694"
"81920.0";"2.287507"
"81930.0";"2.174019"
"81940.0";"2.12979"
"81950.0";"2.164223"
"81960.0";"2.185116"
"81970.0";"2.061197"
"81980.0";"2.050654"
"81990.0";"2.107164"
"82000.0";"2.066474"
"82010.0";"2.087313"
"82020.0";"2.090684"
"82030.0";"2.087023"
"82040.0";"2.156873"
"82050.0";"2.114755"
"82060.0";"2.03741"
"82070.0";"2.118808"
"82080.0";"2.151831"
"82090.0";"2.107916"
"82100.0";"2.142851"
"82110.0";"2.17683"
"82120.0";"2.142416"
"82130.0";"2.135155"
"82140.0";"2.130994"
"82150.0";"2.086802"
"82160.0";"2.096565"
"82170.0";"2.120207"
"82180.0";"2.206239"
"82190.0";"2.160399"
"82200.0";"2.182414"
"82210.0";"2.151753"
"82220.0";"2.135917"
"82230.0";"2.153202"
"82240.0";"2.11917"
"82250.0";"2.119672"
"82260.0";"2.167855"
"82270.0";"2.230854"
"82280.0";"2.108268"
"82290.0";"2.194564"
"82300.0";"2.095644"
"82310.0";"2.131505"
"82320.0";"2.135673"
"82330.0";"2.185255"
"82340.0";"2.154396"
"82350.0";"2.059082"
"82360.0";"2.115188"
"82370.0";"2.108715"
"82380.0";"2.076129"
"82390.0";"2.05446"
"82400.0";"2.133037"
"82410.0";"2.072589"
"82420.0";"2.193662"
"82430.0";"2.121161"
"82440.0";"2.158728"
"82450.0";"2.070867"
"82460.0";"2.071798"
"82470.0";"2.055848"
"82480.0";"2.117459"
"82490.0";"2.246983"
"82500.0";"2.162593"
"82510.0";"2.158651"
"82520.0";"2.114655"
"82530.0";"2.160956"
"82540.0";"2.143708"
"82550.0";"2.193129"
"82560.0";"2.093153"
"82570.0";"2.109188"
"82580.0";"2.179849"
"82590.0";"2.140285"
"82600.0";"2.087762"
"82610.0";"2.240292"
"82620.0";"2.260767"
"82630.0";"2.208869"
"82640.0";"2.10885"
"82650.0";"2.095005"
"82660.0";"2.093577"
"82670.0";"2.167655"
"82680.0";"2.065361"
"82690.0";"2.174802"
"82700.0";"2.177889"
"82710.0";"2.237935"
"82720.0";"2.171772"
"82730.0";"2.107174"
"82740.0";"2.156125"
"82750.0";"2.150241"
"82760.0";"2.121633"
"82770.0";"2.165664"
"82780.0";"2.163139"
"82790.0";"2.135985"
"82800.0";"2.043476"
"82810.0";"2.078476"
"82820.0";"2.108521"
"82830.0";"2.104955"
"82840.0";"2.133597"
"82850.0";"2.16591"
"82860.0";"2.118717"
"82870.0";"2.093429"
"82880.0";"2.166831"
"82890.0";"2.127473"
"82900.0";"2.145946"
"82910.0";"2.153116"
"82920.0";"2.139567"
"82930.0";"2.076594"
"82940.0";"2.079729"
"82950.0";"2.129619"
"82960.0";"2.066232"
"82970.0";"1.953415"
"82980.0";"2.034708"
"82990.0";"2.046739"
"83000.0";"2.060074"
"83010.0";"2.077306"
"83020.0";"2.011154"
"83030.0";"2.036609"
"83040.0";"2.062539"
"83050.0";"2.026018"
"83060.0";"2.016538"
"83070.0";"2.079815"
"83080.0";"2.130608"
"83090.0";"2.010829"
"83100.0";"2.041813"
"83110.0";"2.040675"
"83120.0";"2.048264"
"83130.0";"2.053944"
"83140.0";"2.056804"
"83150.0";"2.033345"
"83160.0";"2.049301"
"83170.0";"2.118406"
"83180.0";"2.111771"
"83190.0";"2.097142"
"83200.0";"2.064988"
"83210.0";"2.121503"
"83220.0";"2.060891"
"83230.0";"2.059642"
"83240.0";"2.079216"
"83250.0";"2.085654"
"83260.0";"2.117447"
"83270.0";"2.146618"
"83280.0";"2.085149"
"83290.0";"2.109473"
"83300.0";"2.09913"
"83310.0";"2.15163"
"83320.0";"2.174901"
"83330.0";"2.022177"
"83340.0";"2.060275"
"83350.0";"2.115114"
"83360.0";"2.144953"
"83370.0";"2.096824"
"83380.0";"2.127188"
"83390.0";"2.066043"
"83400.0";"2.129918"
"83410.0";"2.166921"
"83420.0";"2.11399"
"83430.0";"2.053923"
"83440.0";"2.035058"
"83450.0";"2.119663"
"83460.0";"2.106327"
"83470.0";"2.161224"
"83480.0";"2.093516"
"83490.0";"2.00262"
"83500.0";"2.107754"
"83510.0";"2.09442"
"83520.0";"2.092454"
"83530.0";"1.980094"
"83540.0";"2.11325"
"83550.0";"2.051371"
"83560.0";"2.070383"
"83570.0";"2.067202"
"83580.0";"2.076279"
"83590.0";"2.070893"
"83600.0";"2.140948"
"83610.0";"2.052992"
"83620.0";"2.002657"
"83630.0";"2.062001"
"83640.0";"2.0681"
"83650.0";"2.069273"
"83660.0";"2.147001"
"83670.0";"2.096819"
"83680.0";"2.162523"
"83690.0";"2.232716"
"83700.0";"2.043731"
"83710.0";"2.118154"
"83720.0";"2.17263"
"83730.0";"2.152931"
"83740.0";"2.166557"
"83750.0";"2.189869"
"83760.0";"2.156549"
"83770.0";"2.177009"
"83780.0";"2.127298"
"83790.0";"2.094318"
"83800.0";"2.137502"
"83810.0";"2.291991"
"83820.0";"2.124526"
"83830.0";"2.160808"
"83840.0";"2.078466"
"83850.0";"2.136072"
"83860.0";"2.054871"
"83870.0";"2.067779"
"83880.0";"2.08427"
"83890.0";"2.061435"
"83900.0";"2.027999"
"83910.0";"2.018155"
"83920.0";"2.117952"
"83930.0";"2.106143"
"83940.0";"2.111956"
"83950.0";"2.036375"
"83960.0";"2.036005"
"83970.0";"2.018527"
"83980.0";"2.039549"
"83990.0";"2.038428"
"84000.0";"2.096406"
"84010.0";"2.008483"
"84020.0";"2.019109"
"84030.0";"2.077543"
"84040.0";"2.100673"
"84050.0";"2.146647"
"84060.0";"2.101125"
"84070.0";"2.119952"
"84080.0";"2.037886"
"84090.0";"2.011163"
"84100.0";"2.041945"
"84110.0";"2.117706"
"84120.0";"2.045291"
"84130.0";"2.007891"
"84140.0";"2.056846"
"84150.0";"2.032949"
"84160.0";"2.150861"
"84170.0";"2.086034"
"84180.0";"2.084328"
"84190.0";"2.112078"
"84200.0";"2.01846"
"84210.0";"2.085331"
"84220.0";"2.042122"
"84230.0";"2.117513"
"84240.0";"2.126397"
"84250.0";"2.097027"
"84260.0";"2.031959"
"84270.0";"2.074198"
"84280.0";"1.995944"
"84290.0";"2.085774"
"84300.0";"2.146771"
"84310.0";"2.016548"
"84320.0";"2.087219"
"84330.0";"2.1226"
"84340.0";"2.087159"
"84350.0";"2.120443"
"84360.0";"2.117066"
"84370.0";"2.06478"
"84380.0";"2.051445"
"84390.0";"2.061471"
"84400.0";"2.090804"
"84410.0";"2.007628"
"84420.0";"2.027988"
"84430.0";"2.035087"
"84440.0";"2.06206"
"84450.0";"2.036885"
"84460.0";"2.027332"
"84470.0";"2.057496"
"84480.0";"2.110492"
"84490.0";"2.155325"
"84500.0";"2.128778"
"84510.0";"2.091567"
"84520.0";"1.97266"
"84530.0";"1.998027"
"84540.0";"2.031234"
"84550.0";"2.003002"
"84560.0";"2.03384"
"84570.0";"1.977369"
"84580.0";"2.106805"
"84590.0";"2.085833"
"84600.0";"2.039091"
"84610.0";"2.105439"
"84620.0";"2.090024"
"84630.0";"2.044752"
"84640.0";"2.022804"
"84650.0";"2.043338"
"84660.0";"2.049085"
"84670.0";"2.106054"
"84680.0";"2.086763"
"84690.0";"2.152441"
"84700.0";"2.181386"
"84710.0";"2.170656"
"84720.0";"2.062816"
"84730.0";"2.167405"
"84740.0";"2.192621"
"84750.0";"2.214802"
"84760.0";"2.113984"
"84770.0";"2.25627"
"84780.0";"2.086515"
"84790.0";"2.186569"
"84800.0";"2.150648"
"84810.0";"2.06053"
"84820.0";"2.044128"
"84830.0";"2.063744"
"84840.0";"2.086515"
"84850.0";"2.051265"
"84860.0";"2.095258"
"84870.0";"2.095594"
"84880.0";"2.128296"
"84890.0";"2.193254"
"84900.0";"2.089862"
"84910.0";"2.116348"
"84920.0";"2.100102"
"84930.0";"2.145804"
"84940.0";"2.160612"
"84950.0";"2.083339"
"84960.0";"2.03871"
"84970.0";"2.042112"
"84980.0";"2.140214"
"84990.0";"2.154499"
"85000.0";"2.185847"
"85010.0";"2.116383"
"85020.0";"2.039421"
"85030.0";"2.042532"
"85040.0";"2.109293"
"85050.0";"2.062629"
"85060.0";"2.143395"
"85070.0";"2.064385"
"85080.0";"2.127469"
"85090.0";"2.024751"
"85100.0";"1.987326"
"85110.0";"2.010168"
"85120.0";"2.024647"
"85130.0";"2.050317"
"85140.0";"1.998835"
"85150.0";"2.043946"
"85160.0";"2.093756"
"85170.0";"2.121249"
"85180.0";"2.131478"
"85190.0";"2.133368"
"85200.0";"2.101825"
"85210.0";"1.991562"
"85220.0";"2.075593"
"85230.0";"2.163846"
"85240.0";"2.085184"
"85250.0";"2.18962"
"85260.0";"2.103151"
"85270.0";"2.112859"
"85280.0";"2.226677"
"85290.0";"2.136694"
"85300.0";"2.055611"
"85310.0";"2.113808"
"85320.0";"2.10135"
"85330.0";"2.170738"
"85340.0";"2.152796"
"85350.0";"2.144097"
"85360.0";"2.075116"
"85370.0";"2.127132"
"85380.0";"2.102336"
"85390.0";"2.159328"
"85400.0";"2.263798"
"85410.0";"2.193992"
"85420.0";"2.153046"
"85430.0";"2.111819"
"85440.0";"2.177452"
"85450.0";"2.311106"
"85460.0";"2.221361"
"85470.0";"2.243164"
"85480.0";"2.183182"
"85490.0";"2.189686"
"85500.0";"2.253826"
"85510.0";"2.190763"
"85520.0";"2.257273"
"85530.0";"2.175886"
"85540.0";"2.15864"
"85550.0";"2.216958"
"85560.0";"2.17613"
"85570.0";"2.154258"
"85580.0";"2.221511"
"85590.0";"2.188438"
"85600.0";"2.187076"
"85610.0";"2.273438"
"85620.0";"2.296357"
"85630.0";"2.174686"
"85640.0";"2.226066"
"85650.0";"2.19897"
"85660.0";"2.225212"
"85670.0";"2.344995"
"85680.0";"2.263581"
"85690.0";"2.255482"
"85700.0";"2.345847"
"85710.0";"2.347656"
"85720.0";"2.157133"
"85730.0";"2.277808"
"85740.0";"2.227513"
"85750.0";"2.208512"
"85760.0";"2.19102"
"85770.0";"2.289403"
"85780.0";"2.310725"
"85790.0";"2.16506"
"85800.0";"2.262035"
"85810.0";"2.291558"
"85820.0";"2.295365"
"85830.0";"2.367061"
"85840.0";"2.32081"
"85850.0";"2.243782"
"85860.0";"2.23736"
"85870.0";"2.266571"
"85880.0";"2.276652"
"85890.0";"2.263877"
"85900.0";"2.270967"
"85910.0";"2.304985"
"85920.0";"2.365006"
"85930.0";"2.28214"
"85940.0";"2.336354"
"85950.0";"2.282743"
"85960.0";"2.162761"
"85970.0";"2.181624"
"85980.0";"2.200384"
"85990.0";"2.236054"
"86000.0";"2.333251"
"86010.0";"2.175836"
"86020.0";"2.301378"
"86030.0";"2.226209"
"86040.0";"2.115652"
"86050.0";"2.202338"
"86060.0";"2.121213"
"86070.0";"2.06275"
"86080.0";"2.078338"
"86090.0";"2.069258"
"86100.0";"2.021312"
"86110.0";"2.185395"
"86120.0";"2.137135"
"86130.0";"2.154661"
"86140.0";"2.084136"
"86150.0";"2.146993"
"86160.0";"2.084754"
"86170.0";"2.084957"
"86180.0";"2.077565"
"86190.0";"2.069868"
"86200.0";"2.090511"
"86210.0";"2.05664"
"86220.0";"2.021252"
"86230.0";"2.020159"
"86240.0";"2.035823"
"86250.0";"2.109333"
"86260.0";"2.095074"
"86270.0";"2.004729"
"86280.0";"2.201061"
"86290.0";"1.996322"
"86300.0";"1.998128"
"86310.0";"2.021501"
"86320.0";"2.054272"
"86330.0";"2.161868"
"86340.0";"2.12153"
"86350.0";"2.134706"
"86360.0";"2.085851"
"86370.0";"2.015552"
"86380.0";"2.068568"
"86390.0";"2.021126"
"86400.0";"2.038248"
"86410.0";"2.085937"
"86420.0";"1.976584"
"86430.0";"2.045354"
"86440.0";"2.039289"
"86450.0";"2.00466"
"86460.0";"2.103333"
"86470.0";"2.061339"
"86480.0";"2.024071"
"86490.0";"2.034603"
"86500.0";"2.07263"
"86510.0";"2.010922"
"86520.0";"2.125229"
"86530.0";"2.035318"
"86540.0";"2.132014"
"86550.0";"2.082518"
"86560.0";"2.062154"
"86570.0";"2.019256"
"86580.0";"2.172429"
"86590.0";"2.162347"
"86600.0";"2.127326"
"86610.0";"2.10065"
"86620.0";"2.07851"
"86630.0";"2.008452"
"86640.0";"2.075691"
"86650.0";"2.096775"
"86660.0";"2.059246"
"86670.0";"2.154644"
"86680.0";"2.085291"
"86690.0";"2.032222"
"86700.0";"2.10391"
"86710.0";"2.082724"
"86720.0";"2.070545"
"86730.0";"2.015974"
"86740.0";"2.03536"
"86750.0";"2.10113"
"86760.0";"2.000589"
"86770.0";"2.084682"
"86780.0";"2.055663"
"86790.0";"2.033978"
"86800.0";"2.035888"
"86810.0";"2.028322"
"86820.0";"2.081089"
"86830.0";"2.190705"
"86840.0";"2.1575"
"86850.0";"2.130749"
"86860.0";"2.101403"
"86870.0";"2.077481"
"86880.0";"2.070802"
"86890.0";"2.100208"
"86900.0";"2.114535"
"86910.0";"2.083767"
"86920.0";"2.047158"
"86930.0";"2.083519"
"86940.0";"1.990023"
"86950.0";"2.063424"
"86960.0";"2.03688"
"86970.0";"2.107335"
"86980.0";"1.994173"
"86990.0";"2.039389"
"87000.0";"2.115924"
"87010.0";"2.135921"
"87020.0";"2.10648"
"87030.0";"2.063559"
"87040.0";"2.086302"
"87050.0";"2.141269"
"87060.0";"2.080417"
"87070.0";"2.041059"
"87080.0";"2.027101"
"87090.0";"2.059777"
"87100.0";"2.016336"
"87110.0";"2.023856"
"87120.0";"2.104939"
"87130.0";"2.144467"
"87140.0";"1.992096"
"87150.0";"2.003369"
"87160.0";"2.097024"
"87170.0";"2.0598"
"87180.0";"2.126449"
"87190.0";"2.103704"
"87200.0";"2.101043"
"87210.0";"2.126435"
"87220.0";"2.200744"
"87230.0";"2.17214"
"87240.0";"2.136547"
"87250.0";"2.041533"
"87260.0";"2.078777"
"87270.0";"2.086407"
"87280.0";"2.160953"
"87290.0";"2.046046"
"87300.0";"2.069024"
"87310.0";"2.089699"
"87320.0";"2.117558"
"87330.0";"2.088389"
"87340.0";"2.160012"
"87350.0";"2.051769"
"87360.0";"2.091523"
"87370.0";"2.09821"
"87380.0";"2.131635"
"87390.0";"2.148688"
"87400.0";"2.107865"
"87410.0";"2.084225"
"87420.0";"2.166747"
"87430.0";"2.118994"
"87440.0";"2.086542"
"87450.0";"2.048459"
"87460.0";"2.10686"
"87470.0";"2.04821"
"87480.0";"2.102985"
"87490.0";"2.065269"
"87500.0";"2.063697"
"87510.0";"2.079887"
"87520.0";"2.047635"
"87530.0";"2.063429"
"87540.0";"2.033008"
"87550.0";"2.066097"
"87560.0";"2.156559"
"87570.0";"2.08053"
"87580.0";"2.078048"
"87590.0";"2.1305"
"87600.0";"2.145303"
"87610.0";"2.131049"
"87620.0";"2.147511"
"87630.0";"2.133001"
"87640.0";"2.128904"
"87650.0";"2.043621"
"87660.0";"2.038016"
"87670.0";"2.090919"
"87680.0";"1.996632"
"87690.0";"2.047892"
"87700.0";"2.062133"
"87710.0";"2.148029"
"87720.0";"2.124878"
"87730.0";"2.14449"
"87740.0";"2.116596"
"87750.0";"2.121459"
"87760.0";"2.077084"
"87770.0";"2.154292"
"87780.0";"2.083316"
"87790.0";"2.131395"
"87800.0";"2.191345"
"87810.0";"1.999589"
"87820.0";"2.044875"
"87830.0";"2.08367"
"87840.0";"2.044089"
"87850.0";"2.012286"
"87860.0";"1.990128"
"87870.0";"2.055027"
"87880.0";"2.004618"
"87890.0";"2.045895"
"87900.0";"2.141142"
"87910.0";"2.135103"
"87920.0";"2.037758"
"87930.0";"2.096812"
"87940.0";"2.092197"
"87950.0";"2.102434"
"87960.0";"2.198747"
"87970.0";"2.073087"
"87980.0";"2.146087"
"87990.0";"2.072746"
"88000.0";"1.987694"
"88010.0";"2.0491"
"88020.0";"2.045232"
"88030.0";"2.010651"
"88040.0";"2.132372"
"88050.0";"2.111748"
"88060.0";"2.065546"
"88070.0";"2.076066"
"88080.0";"2.091"
"88090.0";"2.10628"
"88100.0";"2.029153"
"88110.0";"2.089102"
"88120.0";"2.022663"
"88130.0";"1.986935"
"88140.0";"2.082097"
"88150.0";"2.064071"
"88160.0";"2.142103"
"88170.0";"2.047952"
"88180.0";"2.031156"
"88190.0";"2.018536"
"88200.0";"2.037196"
"88210.0";"2.075572"
"88220.0";"2.085017"
"88230.0";"2.227134"
"88240.0";"2.256618"
"88250.0";"2.218522"
"88260.0";"2.161358"
"88270.0";"2.168643"
"88280.0";"2.200402"
"88290.0";"2.185544"
"88300.0";"2.178425"
"88310.0";"2.190588"
"88320.0";"2.163459"
"88330.0";"2.144733"
"88340.0";"2.168982"
"88350.0";"2.141748"
"88360.0";"2.221984"
"88370.0";"2.140063"
"88380.0";"2.128006"
"88390.0";"1.923075"
"88400.0";"1.929214"
"88410.0";"1.960134"
"88420.0";"1.992635"
"88430.0";"1.999161"
"88440.0";"1.996728"
"88450.0";"2.028481"
"88460.0";"2.052313"
"88470.0";"2.003324"
"88480.0";"2.084548"
"88490.0";"2.028901"
"88500.0";"1.999095"
"88510.0";"2.015239"
"88520.0";"1.967129"
"88530.0";"2.113055"
"88540.0";"1.979499"
"88550.0";"2.0617"
"88560.0";"2.041092"
"88570.0";"1.986441"
"88580.0";"2.023113"
"88590.0";"1.956184"
"88600.0";"2.013188"
"88610.0";"2.055312"
"88620.0";"2.006203"
"88630.0";"1.929039"
"88640.0";"2.049012"
"88650.0";"2.049346"
"88660.0";"1.9948"
"88670.0";"2.040642"
"88680.0";"1.997784"
"88690.0";"2.044186"
"88700.0";"2.002675"
"88710.0";"1.967472"
"88720.0";"2.086132"
"88730.0";"2.09819"
"88740.0";"2.002015"
"88750.0";"1.95747"
"88760.0";"1.95572"
"88770.0";"1.972411"
"88780.0";"2.052784"
"88790.0";"2.013016"
"88800.0";"1.990667"
"88810.0";"1.962528"
"88820.0";"1.954708"
"88830.0";"1.953209"
"88840.0";"1.987876"
"88850.0";"1.980041"
"88860.0";"2.097288"
"88870.0";"2.027448"
"88880.0";"2.045954"
"88890.0";"2.045507"
"88900.0";"1.976215"
"88910.0";"2.031168"
"88920.0";"2.018419"
"88930.0";"1.981115"
"88940.0";"1.982163"
"88950.0";"1.993616"
"88960.0";"1.964616"
"88970.0";"1.989591"
"88980.0";"1.95941"
"88990.0";"1.960735"
"89000.0";"1.997666"
"89010.0";"1.974921"
"89020.0";"1.973778"
"89030.0";"1.976163"
"89040.0";"2.00722"
"89050.0";"1.985536"
"89060.0";"1.955703"
"89070.0";"1.964124"
"89080.0";"2.04454"
"89090.0";"2.028764"
"89100.0";"2.020109"
"89110.0";"2.029022"
"89120.0";"1.986487"
"89130.0";"1.986814"
"89140.0";"1.97393"
"89150.0";"1.976793"
"89160.0";"2.017566"
"89170.0";"2.02077"
"89180.0";"1.967331"
"89190.0";"1.989886"
"89200.0";"1.95351"
"89210.0";"2.003792"
"89220.0";"1.963498"
"89230.0";"2.01402"
"89240.0";"2.000051"
"89250.0";"1.974632"
"89260.0";"1.95857"
"89270.0";"1.974519"
"89280.0";"1.982866"
"89290.0";"1.92529"
"89300.0";"1.971016"
"89310.0";"1.981475"
"89320.0";"1.903025"
"89330.0";"1.926655"
"89340.0";"1.938434"
"89350.0";"1.957679"
"89360.0";"2.0125"
"89370.0";"1.993283"
"89380.0";"2.010763"
"89390.0";"1.973159"
"89400.0";"2.012396"
"89410.0";"2.006009"
"89420.0";"1.924944"
"89430.0";"2.035781"
"89440.0";"1.999579"
"89450.0";"2.030241"
"89460.0";"2.00442"
"89470.0";"2.020553"
"89480.0";"2.063184"
"89490.0";"2.026581"
"89500.0";"1.977447"
"89510.0";"2.024107"
"89520.0";"2.00233"
"89530.0";"1.973077"
"89540.0";"1.979146"
"89550.0";"2.008406"
"89560.0";"1.978562"
"89570.0";"1.916764"
"89580.0";"1.963303"
"89590.0";"1.970061"
"89600.0";"2.000947"
"89610.0";"1.994082"
"89620.0";"1.976432"
"89630.0";"2.012205"
"89640.0";"1.965628"
"89650.0";"2.036978"
"89660.0";"2.110576"
"89670.0";"2.020581"
"89680.0";"1.961963"
"89690.0";"2.046069"
"89700.0";"2.008246"
"89710.0";"2.017222"
"89720.0";"1.996039"
"89730.0";"1.957584"
"89740.0";"1.958065"
"89750.0";"1.954862"
"89760.0";"2.014133"
"89770.0";"2.022261"
"89780.0";"2.014676"
"89790.0";"2.008174"
"89800.0";"2.018403"
"89810.0";"2.066389"
"89820.0";"2.01117"
"89830.0";"1.971397"
"89840.0";"1.997017"
"89850.0";"2.010041"
"89860.0";"2.049509"
"89870.0";"1.975754"
"89880.0";"2.031304"
"89890.0";"2.029066"
"89900.0";"2.001738"
"89910.0";"2.020701"
"89920.0";"2.046363"
"89930.0";"1.981403"
"89940.0";"1.957789"
"89950.0";"1.933437"
"89960.0";"1.979944"
"89970.0";"2.005509"
"89980.0";"1.971622"
"89990.0";"2.086838"
"90000.0";"2.007156"
"90010.0";"2.047382"
"90020.0";"2.002899"
"90030.0";"1.999963"
"90040.0";"1.98299"
"90050.0";"2.034959"
"90060.0";"2.054655"
"90070.0";"2.035233"
"90080.0";"2.028411"
"90090.0";"2.0636"
"90100.0";"2.01344"
"90110.0";"2.075463"
"90120.0";"2.022921"
"90130.0";"2.06654"
"90140.0";"1.995368"
"90150.0";"2.018106"
"90160.0";"2.035846"
"90170.0";"2.012732"
"90180.0";"2.093253"
"90190.0";"2.042228"
"90200.0";"2.049239"
"90210.0";"2.076096"
"90220.0";"2.051752"
"90230.0";"2.032958"
"90240.0";"2.017161"
"90250.0";"2.030097"
"90260.0";"2.03328"
"90270.0";"1.979014"
"90280.0";"1.998831"
"90290.0";"2.01328"
"90300.0";"2.060509"
"90310.0";"2.095544"
"90320.0";"2.058665"
"90330.0";"1.998839"
"90340.0";"1.941784"
"90350.0";"1.981301"
"90360.0";"1.993035"
"90370.0";"2.012424"
"90380.0";"1.987204"
"90390.0";"2.052715"
"90400.0";"2.007206"
"90410.0";"2.030475"
"90420.0";"2.008837"
"90430.0";"1.986843"
"90440.0";"1.98009"
"90450.0";"2.005467"
"90460.0";"2.018761"
"90470.0";"2.018802"
"90480.0";"2.104751"
"90490.0";"2.047291"
"90500.0";"2.105289"
"90510.0";"2.071966"
"90520.0";"2.050868"
"90530.0";"2.008994"
"90540.0";"2.077312"
"90550.0";"1.9893"
"90560.0";"2.012044"
"90570.0";"2.03005"
"90580.0";"2.007819"
"90590.0";"2.046119"
"90600.0";"1.983083"
"90610.0";"1.996169"
"90620.0";"2.020135"
"90630.0";"2.013356"
"90640.0";"2.061193"
"90650.0";"2.101225"
"90660.0";"2.123321"
"90670.0";"1.986972"
"90680.0";"1.951017"
"90690.0";"2.041111"
"90700.0";"2.089042"
"90710.0";"2.049801"
"90720.0";"2.020514"
"90730.0";"2.050979"
"90740.0";"2.058177"
"90750.0";"2.091696"
"90760.0";"2.060536"
"90770.0";"2.026533"
"90780.0";"2.044039"
"90790.0";"1.969017"
"90800.0";"2.080099"
"90810.0";"2.011951"
"90820.0";"2.007313"
"90830.0";"2.038867"
"90840.0";"2.018357"
"90850.0";"2.101083"
"90860.0";"2.015243"
"90870.0";"2.037143"
"90880.0";"2.034194"
"90890.0";"2.106595"
"90900.0";"1.97181"
"90910.0";"1.976205"
"90920.0";"2.013028"
"90930.0";"1.991243"
"90940.0";"2.013675"
"90950.0";"2.05375"
"90960.0";"2.01614"
"90970.0";"2.01171"
"90980.0";"1.998834"
"90990.0";"2.072297"
"91000.0";"2.037099"
"91010.0";"1.997334"
"91020.0";"2.044348"
"91030.0";"2.02031"
"91040.0";"2.007761"
"91050.0";"1.990484"
"91060.0";"2.003162"
"91070.0";"2.018488"
"91080.0";"2.069872"
"91090.0";"1.939012"
"91100.0";"2.025779"
"91110.0";"1.974023"
"91120.0";"1.961133"
"91130.0";"2.019655"
"91140.0";"2.045994"
"91150.0";"2.001164"
"91160.0";"2.042076"
"91170.0";"2.040653"
"91180.0";"2.037876"
"91190.0";"2.084819"
"91200.0";"1.954787"
"91210.0";"2.008823"
"91220.0";"2.000033"
"91230.0";"1.981366"
"91240.0";"1.99247"
"91250.0";"2.013215"
"91260.0";"2.05556"
"91270.0";"2.023413"
"91280.0";"1.997712"
"91290.0";"2.03853"
"91300.0";"1.975215"
"91310.0";"2.030141"
"91320.0";"2.108584"
"91330.0";"2.099387"
"91340.0";"1.990058"
"91350.0";"2.064711"
"91360.0";"2.057924"
"91370.0";"2.03034"
"91380.0";"2.022241"
"91390.0";"1.984632"
"91400.0";"2.027503"
"91410.0";"2.086873"
"91420.0";"2.062214"
"91430.0";"2.041559"
"91440.0";"2.047989"
"91450.0";"2.067795"
"91460.0";"2.020067"
"91470.0";"1.946813"
"91480.0";"2.058961"
"91490.0";"2.044592"
"91500.0";"2.040186"
"91510.0";"1.994122"
"91520.0";"2.016965"
"91530.0";"2.007642"
"91540.0";"2.002041"
"91550.0";"2.058961"
"91560.0";"2.036325"
"91570.0";"2.017488"
"91580.0";"2.049383"
"91590.0";"2.032864"
"91600.0";"2.093677"
"91610.0";"2.001862"
"91620.0";"2.008909"
"91630.0";"1.979057"
"91640.0";"2.008641"
"91650.0";"2.10188"
"91660.0";"2.019941"
"91670.0";"2.07057"
"91680.0";"2.111344"
"91690.0";"1.988551"
"91700.0";"2.070702"
"91710.0";"2.020781"
"91720.0";"2.005693"
"91730.0";"1.970325"
"91740.0";"2.035557"
"91750.0";"2.037467"
"91760.0";"2.012353"
"91770.0";"2.0334"
"91780.0";"2.087725"
"91790.0";"2.060976"
"91800.0";"1.978934"
"91810.0";"2.048501"
"91820.0";"2.044109"
"91830.0";"1.952977"
"91840.0";"2.015024"
"91850.0";"2.041662"
"91860.0";"2.120711"
"91870.0";"2.052598"
"91880.0";"2.088491"
"91890.0";"2.066002"
"91900.0";"2.022131"
"91910.0";"1.990628"
"91920.0";"2.033128"
"91930.0";"2.063733"
"91940.0";"2.061422"
"91950.0";"2.008927"
"91960.0";"2.040669"
"91970.0";"2.062191"
"91980.0";"2.062247"
"91990.0";"2.069098"
"92000.0";"1.988345"
"92010.0";"2.031908"
"92020.0";"2.049016"
"92030.0";"2.015168"
"92040.0";"2.007275"
"92050.0";"1.967749"
"92060.0";"2.040872"
"92070.0";"2.087857"
"92080.0";"2.033738"
"92090.0";"2.119128"
"92100.0";"2.091403"
"92110.0";"2.049773"
"92120.0";"2.067943"
"92130.0";"2.033392"
"92140.0";"2.052501"
"92150.0";"2.091639"
"92160.0";"2.121595"
"92170.0";"2.024834"
"92180.0";"2.068938"
"92190.0";"2.110144"
"92200.0";"2.111196"
"92210.0";"2.065099"
"92220.0";"2.063311"
"92230.0";"2.059274"
"92240.0";"2.064124"
"92250.0";"2.037544"
"92260.0";"1.991523"
"92270.0";"2.0567"
"92280.0";"2.074103"
"92290.0";"2.016341"
"92300.0";"2.03705"
"92310.0";"2.025052"
"92320.0";"2.058212"
"92330.0";"2.039845"
"92340.0";"2.053199"
"92350.0";"2.036387"
"92360.0";"2.040136"
"92370.0";"2.021091"
"92380.0";"2.104489"
"92390.0";"2.040126"
"92400.0";"2.017797"
"92410.0";"2.057924"
"92420.0";"2.008784"
"92430.0";"2.059688"
"92440.0";"2.064605"
"92450.0";"2.042251"
"92460.0";"2.058836"
"92470.0";"1.973164"
"92480.0";"2.144472"
"92490.0";"2.114786"
"92500.0";"2.042011"
"92510.0";"2.088076"
"92520.0";"2.128732"
"92530.0";"2.090038"
"92540.0";"2.019768"
"92550.0";"2.088767"
"92560.0";"2.098197"
"92570.0";"2.085885"
"92580.0";"2.050477"
"92590.0";"2.020885"
"92600.0";"1.988832"
"92610.0";"2.03674"
"92620.0";"2.0394"
"92630.0";"2.001702"
"92640.0";"2.034983"
"92650.0";"2.023011"
"92660.0";"2.022538"
"92670.0";"2.085314"
"92680.0";"2.033188"
"92690.0";"2.008239"
"92700.0";"2.02888"
"92710.0";"2.067206"
"92720.0";"2.02688"
"92730.0";"1.93972"
"92740.0";"1.97288"
"92750.0";"2.010978"
"92760.0";"2.057473"
"92770.0";"1.998142"
"92780.0";"2.031643"
"92790.0";"2.041783"
"92800.0";"2.095726"
"92810.0";"2.024385"
"92820.0";"2.041234"
"92830.0";"2.04596"
"92840.0";"2.127347"
"92850.0";"2.028623"
"92860.0";"2.044777"
"92870.0";"2.050341"
"92880.0";"2.109225"
"92890.0";"2.061445"
"92900.0";"2.029475"
"92910.0";"2.049367"
"92920.0";"2.079894"
"92930.0";"2.036105"
"92940.0";"2.007112"
"92950.0";"2.050514"
"92960.0";"2.060802"
"92970.0";"1.979085"
"92980.0";"2.031124"
"92990.0";"2.032295"
"93000.0";"2.056633"
"93010.0";"2.085052"
"93020.0";"2.046081"
"93030.0";"2.084042"
"93040.0";"2.00456"
"93050.0";"2.029356"
"93060.0";"2.056436"
"93070.0";"2.136877"
"93080.0";"2.085099"
"93090.0";"2.090098"
"93100.0";"1.970169"
"93110.0";"2.053623"
"93120.0";"2.040634"
"93130.0";"2.08268"
"93140.0";"2.072487"
"93150.0";"2.008613"
"93160.0";"2.064877"
"93170.0";"1.958286"
"93180.0";"1.986853"
"93190.0";"2.063646"
"93200.0";"2.042166"
"93210.0";"2.042207"
"93220.0";"2.078186"
"93230.0";"2.022261"
"93240.0";"2.056527"
"93250.0";"2.095729"
"93260.0";"2.092741"
"93270.0";"2.109719"
"93280.0";"2.077078"
"93290.0";"2.132429"
"93300.0";"2.076168"
"93310.0";"2.064935"
"93320.0";"2.040486"
"93330.0";"2.021932"
"93340.0";"2.068707"
"93350.0";"2.088159"
"93360.0";"2.086971"
"93370.0";"2.055825"
"93380.0";"2.034047"
"93390.0";"2.095586"
"93400.0";"2.068606"
"93410.0";"2.052265"
"93420.0";"2.07421"
"93430.0";"2.080336"
"93440.0";"2.050207"
"93450.0";"2.031324"
"93460.0";"2.074129"
"93470.0";"2.134152"
"93480.0";"2.085541"
"93490.0";"2.0252"
"93500.0";"2.016542"
"93510.0";"2.078112"
"93520.0";"2.06354"
"93530.0";"2.074294"
"93540.0";"2.031573"
"93550.0";"2.018534"
"93560.0";"2.076964"
"93570.0";"2.057991"
"93580.0";"2.047219"
"93590.0";"2.056529"
"93600.0";"2.057796"
"93610.0";"2.110834"
"93620.0";"2.139296"
"93630.0";"2.100977"
"93640.0";"2.08498"
"93650.0";"2.059711"
"93660.0";"2.084261"
"93670.0";"2.219894"
"93680.0";"2.210084"
"93690.0";"2.152932"
"93700.0";"2.187824"
"93710.0";"2.212203"
"93720.0";"2.138026"
"93730.0";"2.133386"
"93740.0";"2.138998"
"93750.0";"2.027134"
"93760.0";"2.053485"
"93770.0";"2.065715"
"93780.0";"2.18064"
"93790.0";"2.115721"
"93800.0";"2.117804"
"93810.0";"2.080278"
"93820.0";"2.147932"
"93830.0";"2.117361"
"93840.0";"2.097786"
"93850.0";"2.218785"
"93860.0";"2.244273"
"93870.0";"2.258445"
"93880.0";"2.24047"
"93890.0";"2.265265"
"93900.0";"2.273986"
"93910.0";"2.26654"
"93920.0";"2.286535"
"93930.0";"2.427185"
"93940.0";"2.363643"
"93950.0";"2.249297"
"93960.0";"2.177133"
"93970.0";"2.157152"
"93980.0";"2.15251"
"93990.0";"2.147458"
"94000.0";"2.153141"
"94010.0";"2.125248"
"94020.0";"2.016665"
"94030.0";"2.016596"
"94040.0";"2.158449"
"94050.0";"2.121929"
"94060.0";"2.100717"
"94070.0";"2.05195"
"94080.0";"2.182902"
"94090.0";"2.160131"
"94100.0";"2.16888"
"94110.0";"2.281737"
"94120.0";"2.295244"
"94130.0";"2.162433"
"94140.0";"2.13376"
"94150.0";"2.163481"
"94160.0";"2.119968"
"94170.0";"2.073826"
"94180.0";"2.263037"
"94190.0";"2.277936"
"94200.0";"2.373553"
"94210.0";"2.261242"
"94220.0";"2.233962"
"94230.0";"2.311336"
"94240.0";"2.374143"
"94250.0";"2.296383"
"94260.0";"2.272165"
"94270.0";"2.220793"
"94280.0";"2.256486"
"94290.0";"2.207826"
"94300.0";"2.105731"
"94310.0";"2.070174"
"94320.0";"2.175357"
"94330.0";"2.097305"
"94340.0";"2.102383"
"94350.0";"2.092348"
"94360.0";"2.023259"
"94370.0";"2.107391"
"94380.0";"2.162165"
"94390.0";"2.148644"
"94400.0";"2.100592"
"94410.0";"2.236928"
"94420.0";"2.215533"
"94430.0";"2.208879"
"94440.0";"2.180684"
"94450.0";"2.289135"
"94460.0";"2.189336"
"94470.0";"2.170748"
"94480.0";"2.136474"
"94490.0";"2.228717"
"94500.0";"2.328966"
"94510.0";"2.167025"
"94520.0";"2.265076"
"94530.0";"2.209933"
"94540.0";"2.211285"
"94550.0";"2.209005"
"94560.0";"2.175997"
"94570.0";"2.165691"
"94580.0";"2.23552"
"94590.0";"2.18944"
"94600.0";"2.100277"
"94610.0";"2.09963"
"94620.0";"2.152778"
"94630.0";"2.125831"
"94640.0";"2.19827"
"94650.0";"2.221419"
"94660.0";"2.164404"
"94670.0";"2.150748"
"94680.0";"2.178319"
"94690.0";"2.208431"
"94700.0";"2.312742"
"94710.0";"2.18735"
"94720.0";"2.310873"
"94730.0";"2.370983"
"94740.0";"2.250685"
"94750.0";"2.205678"
"94760.0";"2.333103"
"94770.0";"2.174958"
"94780.0";"2.198803"
"94790.0";"2.284872"
"94800.0";"2.18891"
"94810.0";"2.244978"
"94820.0";"2.173584"
"94830.0";"2.314556"
"94840.0";"2.257449"
"94850.0";"2.250261"
"94860.0";"2.222226"
"94870.0";"2.178373"
"94880.0";"2.254884"
"94890.0";"2.291021"
"94900.0";"2.21601"
"94910.0";"2.226101"
"94920.0";"2.181655"
"94930.0";"2.222"
"94940.0";"2.256212"
"94950.0";"2.21588"
"94960.0";"2.1255"
"94970.0";"2.150806"
"94980.0";"2.239219"
"94990.0";"2.233018"
"95000.0";"2.195894"
"95010.0";"2.133168"
"95020.0";"2.15646"
"95030.0";"2.203279"
"95040.0";"2.389772"
"95050.0";"2.359114"
"95060.0";"2.272002"
"95070.0";"2.358677"
"95080.0";"2.229249"
"95090.0";"2.181954"
"95100.0";"2.120266"
"95110.0";"2.095113"
"95120.0";"2.133869"
"95130.0";"2.172515"
"95140.0";"2.228491"
"95150.0";"2.192692"
"95160.0";"2.218395"
"95170.0";"2.178649"
"95180.0";"2.179494"
"95190.0";"2.130987"
"95200.0";"2.042935"
"95210.0";"2.140759"
"95220.0";"2.125344"
"95230.0";"2.012362"
"95240.0";"2.117282"
"95250.0";"2.05732"
"95260.0";"2.169115"
"95270.0";"2.013939"
"95280.0";"2.034212"
"95290.0";"2.10657"
"95300.0";"2.193673"
"95310.0";"2.184261"
"95320.0";"2.093428"
"95330.0";"2.148485"
"95340.0";"2.152657"
"95350.0";"2.089695"
"95360.0";"2.082574"
"95370.0";"2.151496"
"95380.0";"2.102143"
"95390.0";"2.241456"
"95400.0";"2.142147"
"95410.0";"2.112921"
"95420.0";"2.086802"
"95430.0";"2.071608"
"95440.0";"2.19778"
"95450.0";"2.187137"
"95460.0";"2.222567"
"95470.0";"2.12049"
"95480.0";"2.134832"
"95490.0";"1.995086"
"95500.0";"2.141829"
"95510.0";"2.13305"
"95520.0";"2.142713"
"95530.0";"2.113248"
"95540.0";"2.048049"
"95550.0";"2.082332"
"95560.0";"2.100203"
"95570.0";"2.026123"
"95580.0";"2.015517"
"95590.0";"1.977426"
"95600.0";"1.926885"
"95610.0";"2.054524"
"95620.0";"2.028192"
"95630.0";"2.050487"
"95640.0";"2.07987"
"95650.0";"2.011379"
"95660.0";"2.087455"
"95670.0";"2.088798"
"95680.0";"2.04781"
"95690.0";"2.177407"
"95700.0";"2.08329"
"95710.0";"2.242173"
"95720.0";"2.110926"
"95730.0";"2.130944"
"95740.0";"2.174479"
"95750.0";"2.120597"
"95760.0";"2.157271"
"95770.0";"2.201248"
"95780.0";"2.211866"
"95790.0";"2.277917"
"95800.0";"2.187097"
"95810.0";"2.183224"
"95820.0";"2.157913"
"95830.0";"2.067756"
"95840.0";"2.03985"
"95850.0";"2.263192"
"95860.0";"2.253753"
"95870.0";"2.085059"
"95880.0";"2.196561"
"95890.0";"2.16412"
"95900.0";"2.137833"
"95910.0";"2.234499"
"95920.0";"2.264086"
"95930.0";"2.274508"
"95940.0";"2.255804"
"95950.0";"2.265925"
"95960.0";"2.360916"
"95970.0";"2.233355"
"95980.0";"2.310034"
"95990.0";"2.281987"
"96000.0";"2.284549"
"96010.0";"2.199726"
"96020.0";"2.199301"
"96030.0";"2.27399"
"96040.0";"2.428184"
"96050.0";"2.41583"
"96060.0";"2.362883"
"96070.0";"2.372714"
"96080.0";"2.438427"
"96090.0";"2.54322"
"96100.0";"2.427785"
"96110.0";"2.351834"
"96120.0";"2.314106"
"96130.0";"2.188452"
"96140.0";"2.223824"
"96150.0";"2.482098"
"96160.0";"2.585746"
"96170.0";"2.423749"
"96180.0";"2.46476"
"96190.0";"2.311898"
"96200.0";"2.395921"
"96210.0";"2.440689"
"96220.0";"2.527156"
"96230.0";"2.573071"
"96240.0";"2.440699"
"96250.0";"2.568256"
"96260.0";"2.482751"
"96270.0";"2.460901"
"96280.0";"2.501016"
"96290.0";"2.527421"
"96300.0";"2.513037"
"96310.0";"2.446876"
"96320.0";"2.450622"
"96330.0";"2.551431"
"96340.0";"2.433523"
"96350.0";"2.393984"
"96360.0";"2.433713"
"96370.0";"2.442955"
"96380.0";"2.324215"
"96390.0";"2.366263"
"96400.0";"2.271789"
"96410.0";"2.409847"
"96420.0";"2.32075"
"96430.0";"2.444078"
"96440.0";"2.342579"
"96450.0";"2.356132"
"96460.0";"2.343919"
"96470.0";"2.408299"
"96480.0";"2.230621"
"96490.0";"2.246707"
"96500.0";"2.38792"
"96510.0";"2.322078"
"96520.0";"2.293074"
"96530.0";"2.426055"
"96540.0";"2.344806"
"96550.0";"2.26104"
"96560.0";"2.322732"
"96570.0";"2.32725"
"96580.0";"2.273104"
"96590.0";"2.224367"
"96600.0";"2.297016"
"96610.0";"2.224738"
"96620.0";"2.431825"
"96630.0";"2.343272"
"96640.0";"2.426625"
"96650.0";"2.338057"
"96660.0";"2.392557"
"96670.0";"2.378935"
"96680.0";"2.282833"
"96690.0";"2.32653"
"96700.0";"2.336831"
"96710.0";"2.412874"
"96720.0";"2.410863"
"96730.0";"2.405393"
"96740.0";"2.438658"
"96750.0";"2.424573"
"96760.0";"2.531278"
"96770.0";"2.355214"
"96780.0";"2.469078"
"96790.0";"2.435106"
"96800.0";"2.402601"
"96810.0";"2.351199"
"96820.0";"2.569039"
"96830.0";"2.505293"
"96840.0";"2.556835"
"96850.0";"2.582348"
"96860.0";"2.583108"
"96870.0";"2.619963"
"96880.0";"2.621029"
"96890.0";"2.472571"
"96900.0";"2.494575"
"96910.0";"2.483369"
"96920.0";"2.443077"
"96930.0";"2.402447"
"96940.0";"2.363264"
"96950.0";"2.447913"
"96960.0";"2.451949"
"96970.0";"2.578073"
"96980.0";"2.616934"
"96990.0";"2.573258"
"97000.0";"2.535084"
"97010.0";"2.53968"
"97020.0";"2.477863"
"97030.0";"2.492474"
"97040.0";"2.448842"
"97050.0";"2.357737"
"97060.0";"2.503955"
"97070.0";"2.501649"
"97080.0";"2.485053"
"97090.0";"2.454509"
"97100.0";"2.491123"
"97110.0";"2.455731"
"97120.0";"2.494003"
"97130.0";"2.489728"
"97140.0";"2.434946"
"97150.0";"2.332897"
"97160.0";"2.468809"
"97170.0";"2.479927"
"97180.0";"2.501084"
"97190.0";"2.406884"
"97200.0";"2.449284"
"97210.0";"2.528571"
"97220.0";"2.324435"
"97230.0";"2.242435"
"97240.0";"2.257512"
"97250.0";"2.357779"
"97260.0";"2.364073"
"97270.0";"2.369177"
"97280.0";"2.412516"
"97290.0";"2.454433"
"97300.0";"2.455078"
"97310.0";"2.459054"
"97320.0";"2.42528"
"97330.0";"2.487159"
"97340.0";"2.440959"
"97350.0";"2.471163"
"97360.0";"2.31"
"97370.0";"2.41328"
"97380.0";"2.258758"
"97390.0";"2.295395"
"97400.0";"2.237058"
"97410.0";"2.374748"
"97420.0";"2.311867"
"97430.0";"2.285831"
"97440.0";"2.285446"
"97450.0";"2.295937"
"97460.0";"2.192126"
"97470.0";"2.174453"
"97480.0";"2.207691"
"97490.0";"2.182538"
"97500.0";"2.327561"
"97510.0";"2.344928"
"97520.0";"2.274506"
"97530.0";"2.405522"
"97540.0";"2.324196"
"97550.0";"2.300676"
"97560.0";"2.229573"
"97570.0";"2.207902"
"97580.0";"2.175735"
"97590.0";"2.251296"
"97600.0";"2.208932"
"97610.0";"2.255629"
"97620.0";"2.182565"
"97630.0";"2.26841"
"97640.0";"2.354803"
"97650.0";"2.263443"
"97660.0";"2.360943"
"97670.0";"2.108192"
"97680.0";"2.203779"
"97690.0";"2.173442"
"97700.0";"2.082743"
"97710.0";"2.131361"
"97720.0";"2.136384"
"97730.0";"2.225231"
"97740.0";"2.335947"
"97750.0";"2.391187"
"97760.0";"2.48373"
"97770.0";"2.403945"
"97780.0";"2.314267"
"97790.0";"2.223328"
"97800.0";"2.338906"
"97810.0";"2.351957"
"97820.0";"2.203848"
"97830.0";"2.358054"
"97840.0";"2.272953"
"97850.0";"2.241637"
"97860.0";"2.199284"
"97870.0";"2.120733"
"97880.0";"2.045813"
"97890.0";"2.133438"
"97900.0";"2.094685"
"97910.0";"2.168332"
"97920.0";"2.145079"
"97930.0";"2.120309"
"97940.0";"2.145166"
"97950.0";"2.10637"
"97960.0";"2.223188"
"97970.0";"2.157528"
"97980.0";"2.271964"
"97990.0";"2.179762"
"98000.0";"2.12496"
"98010.0";"2.239259"
"98020.0";"2.208638"
"98030.0";"2.194001"
"98040.0";"2.176847"
"98050.0";"2.123259"
"98060.0";"2.127532"
"98070.0";"2.116708"
"98080.0";"2.11181"
"98090.0";"2.155833"
"98100.0";"2.178464"
"98110.0";"2.18777"
"98120.0";"2.114515"
"98130.0";"2.135701"
"98140.0";"2.18741"
"98150.0";"2.159106"
"98160.0";"2.142809"
"98170.0";"2.153911"
"98180.0";"2.170366"
"98190.0";"2.088624"
"98200.0";"2.11601"
"98210.0";"2.152946"
"98220.0";"2.030057"
"98230.0";"2.081364"
"98240.0";"2.142098"
"98250.0";"2.123822"
"98260.0";"2.265405"
"98270.0";"2.291303"
"98280.0";"2.31313"
"98290.0";"2.311265"
"98300.0";"2.372437"
"98310.0";"2.365941"
"98320.0";"2.380528"
"98330.0";"2.452142"
"98340.0";"2.507146"
"98350.0";"2.342773"
"98360.0";"2.273871"
"98370.0";"2.288867"
"98380.0";"2.422924"
"98390.0";"2.430795"
"98400.0";"2.391313"
"98410.0";"2.225671"
"98420.0";"2.261813"
"98430.0";"2.263321"
"98440.0";"2.277621"
"98450.0";"2.366786"
"98460.0";"2.37069"
"98470.0";"2.224563"
"98480.0";"2.29925"
"98490.0";"2.26508"
"98500.0";"2.230921"
"98510.0";"2.14178"
"98520.0";"2.084967"
"98530.0";"2.220215"
"98540.0";"2.169582"
"98550.0";"2.093"
"98560.0";"2.154134"
"98570.0";"2.050833"
"98580.0";"2.045336"
"98590.0";"2.124031"
"98600.0";"2.035035"
"98610.0";"1.934976"
"98620.0";"2.019454"
"98630.0";"2.073799"
"98640.0";"2.094921"
"98650.0";"2.072271"
"98660.0";"2.00825"
"98670.0";"1.963291"
"98680.0";"1.987724"
"98690.0";"2.108944"
"98700.0";"2.140241"
"98710.0";"2.099655"
"98720.0";"2.079694"
"98730.0";"2.102896"
"98740.0";"2.025316"
"98750.0";"2.072804"
"98760.0";"2.1205"
"98770.0";"2.106514"
"98780.0";"2.05582"
"98790.0";"2.089029"
"98800.0";"2.07048"
"98810.0";"1.991015"
"98820.0";"2.119459"
"98830.0";"2.002454"
"98840.0";"2.137871"
"98850.0";"2.14997"
"98860.0";"2.088165"
"98870.0";"2.136105"
"98880.0";"2.159703"
"98890.0";"2.142848"
"98900.0";"2.122097"
"98910.0";"2.063618"
"98920.0";"2.130554"
"98930.0";"2.106037"
"98940.0";"2.037972"
"98950.0";"2.050776"
"98960.0";"2.110653"
"98970.0";"2.060601"
"98980.0";"2.149099"
"98990.0";"2.223737"
"99000.0";"2.185358"
"99010.0";"2.263531"
"99020.0";"2.339373"
"99030.0";"2.336775"
"99040.0";"2.192437"
"99050.0";"2.213994"
"99060.0";"2.215179"
"99070.0";"2.184049"
"99080.0";"2.244288"
"99090.0";"2.171592"
"99100.0";"2.094392"
"99110.0";"2.084596"
"99120.0";"2.13312"
"99130.0";"2.222431"
"99140.0";"2.21002"
"99150.0";"2.121301"
"99160.0";"2.056257"
"99170.0";"2.119514"
"99180.0";"2.087269"
"99190.0";"2.120519"
"99200.0";"2.045103"
"99210.0";"2.059587"
"99220.0";"2.125714"
"99230.0";"2.133089"
"99240.0";"2.12797"
"99250.0";"2.174171"
"99260.0";"2.16729"
"99270.0";"2.200704"
"99280.0";"2.066895"
"99290.0";"2.063645"
"99300.0";"2.128926"
"99310.0";"2.107312"
"99320.0";"2.140878"
"99330.0";"2.092987"
"99340.0";"2.088903"
"99350.0";"2.112556"
"99360.0";"2.021186"
"99370.0";"2.048655"
"99380.0";"2.085181"
"99390.0";"2.23"
"99400.0";"2.172442"
"99410.0";"2.170716"
"99420.0";"2.142807"
"99430.0";"2.229693"
"99440.0";"2.147143"
"99450.0";"2.204334"
"99460.0";"2.082909"
"99470.0";"2.136611"
"99480.0";"2.186307"
"99490.0";"2.205156"
"99500.0";"2.164909"
"99510.0";"2.128379"
"99520.0";"2.174938"
"99530.0";"2.103947"
"99540.0";"2.0917"
"99550.0";"2.066649"
"99560.0";"2.11715"
"99570.0";"2.142807"
"99580.0";"2.117202"
"99590.0";"2.185296"
"99600.0";"2.139694"
"99610.0";"2.1092"
"99620.0";"2.180779"
"99630.0";"2.101891"
"99640.0";"2.136379"
"99650.0";"2.081773"
"99660.0";"2.029827"
"99670.0";"2.011482"
"99680.0";"2.186686"
"99690.0";"2.081716"
"99700.0";"2.247714"
"99710.0";"2.169954"
"99720.0";"2.208399"
"99730.0";"2.180924"
"99740.0";"2.23787"
"99750.0";"2.196691"
"99760.0";"2.228096"
"99770.0";"2.252876"
"99780.0";"2.217825"
"99790.0";"2.12594"
"99800.0";"2.076518"
"99810.0";"2.135795"
"99820.0";"2.193772"
"99830.0";"2.17404"
"99840.0";"2.184914"
"99850.0";"2.042268"
"99860.0";"2.118769"
"99870.0";"2.116607"
"99880.0";"2.068722"
"99890.0";"2.055226"
"99900.0";"2.043244"
"99910.0";"2.065192"
"99920.0";"2.03382"
"99930.0";"2.024998"
"99940.0";"2.105512"
"99950.0";"2.152238"
"99960.0";"2.000833"
"99970.0";"2.006688"
"99980.0";"2.025564"
"99990.0";"2.015252"
"100000.0";"2.003832"
"100010.0";"2.008515"
"100020.0";"2.051143"
"100030.0";"2.109629"
"100040.0";"2.09978"
"100050.0";"2.178788"
"100060.0";"2.106273"
"100070.0";"2.16304"
"100080.0";"2.118823"
"100090.0";"1.986356"
"100100.0";"2.03196"
"100110.0";"2.013419"
"100120.0";"2.03006"
"100130.0";"1.98312"
"100140.0";"2.048171"
"100150.0";"1.985052"
"100160.0";"2.099666"
"100170.0";"2.14227"
"100180.0";"2.158146"
"100190.0";"2.051975"
"100200.0";"2.10586"
"100210.0";"2.087382"
"100220.0";"2.047772"
"100230.0";"2.070708"
"100240.0";"2.101892"
"100250.0";"2.079703"
"100260.0";"2.118233"
"100270.0";"2.083083"
"100280.0";"2.061553"
"100290.0";"1.993913"
"100300.0";"2.001274"
"100310.0";"2.118789"
"100320.0";"2.026814"
"100330.0";"2.046468"
"100340.0";"2.128287"
"100350.0";"2.12526"
"100360.0";"2.088177"
"100370.0";"2.022686"
"100380.0";"2.036731"
"100390.0";"2.145107"
"100400.0";"2.057202"
"100410.0";"2.076161"
"100420.0";"2.012483"
"100430.0";"2.006742"
"100440.0";"2.048673"
"100450.0";"2.075812"
"100460.0";"2.004399"
"100470.0";"1.97266"
"100480.0";"2.001879"
"100490.0";"1.997481"
"100500.0";"1.978209"
"100510.0";"1.949074"
"100520.0";"1.888802"
"100530.0";"1.981786"
"100540.0";"1.964702"
"100550.0";"1.946047"
"100560.0";"2.002483"
"100570.0";"1.934173"
"100580.0";"1.963477"
"100590.0";"1.939411"
"100600.0";"2.067568"
"100610.0";"1.985227"
"100620.0";"1.898752"
"100630.0";"1.926599"
"100640.0";"2.019407"
"100650.0";"1.964244"
"100660.0";"1.97511"
"100670.0";"1.98609"
"100680.0";"1.946805"
"100690.0";"1.977796"
"100700.0";"1.990519"
"100710.0";"2.002947"
"100720.0";"2.011662"
"100730.0";"1.963159"
"100740.0";"1.987204"
"100750.0";"2.012819"
"100760.0";"2.110646"
"100770.0";"1.940155"
"100780.0";"2.008921"
"100790.0";"2.084851"
"100800.0";"2.015287"
"100810.0";"1.991224"
"100820.0";"1.966403"
"100830.0";"1.989264"
"100840.0";"1.919663"
"100850.0";"1.988906"
"100860.0";"1.940825"
"100870.0";"1.921652"
"100880.0";"1.936782"
"100890.0";"2.042513"
"100900.0";"1.920678"
"100910.0";"1.954268"
"100920.0";"2.003221"
"100930.0";"1.933381"
"100940.0";"1.962094"
"100950.0";"2.000139"
"100960.0";"1.998659"
"100970.0";"1.946143"
"100980.0";"1.958295"
"100990.0";"2.01289"
"101000.0";"2.010597"
"101010.0";"1.99061"
"101020.0";"1.968359"
"101030.0";"1.948527"
"101040.0";"1.954573"
"101050.0";"2.031255"
"101060.0";"2.016066"
"101070.0";"2.029769"
"101080.0";"2.024649"
"101090.0";"2.039931"
"101100.0";"1.984463"
"101110.0";"1.948375"
"101120.0";"1.945194"
"101130.0";"1.977914"
"101140.0";"2.020647"
"101150.0";"1.997789"
"101160.0";"1.994065"
"101170.0";"1.937561"
"101180.0";"1.970564"
"101190.0";"2.008922"
"101200.0";"1.99427"
"101210.0";"1.99768"
"101220.0";"1.950169"
"101230.0";"1.9442"
"101240.0";"2.013858"
"101250.0";"2.060382"
"101260.0";"1.926813"
"101270.0";"1.948776"
"101280.0";"2.011207"
"101290.0";"1.963443"
"101300.0";"1.989243"
"101310.0";"1.960674"
"101320.0";"1.941293"
"101330.0";"1.981941"
"101340.0";"1.962243"
"101350.0";"2.023619"
"101360.0";"2.03063"
"101370.0";"1.972524"
"101380.0";"1.952057"
"101390.0";"1.992168"
"101400.0";"1.96196"
"101410.0";"1.923812"
"101420.0";"1.942548"
"101430.0";"2.022519"
"101440.0";"1.983665"
"101450.0";"1.970524"
"101460.0";"2.003387"
"101470.0";"1.968716"
"101480.0";"2.010149"
"101490.0";"1.997569"
"101500.0";"2.105082"
"101510.0";"2.053685"
"101520.0";"1.998367"
"101530.0";"1.93996"
"101540.0";"1.986331"
"101550.0";"1.97903"
"101560.0";"2.00979"
"101570.0";"2.000212"
"101580.0";"1.977627"
"101590.0";"2.030506"
"101600.0";"1.988017"
"101610.0";"1.981458"
"101620.0";"2.009881"
"101630.0";"1.961716"
"101640.0";"2.044574"
"101650.0";"2.080688"
"101660.0";"2.053019"
"101670.0";"2.008652"
"101680.0";"1.99307"
"101690.0";"2.011618"
"101700.0";"2.077925"
"101710.0";"2.005361"
"101720.0";"1.966444"
"101730.0";"2.006716"
"101740.0";"1.979739"
"101750.0";"2.012298"
"101760.0";"1.941025"
"101770.0";"1.933099"
"101780.0";"2.03723"
"101790.0";"2.02633"
"101800.0";"1.963576"
"101810.0";"1.917861"
"101820.0";"2.0013"
"101830.0";"1.998404"
"101840.0";"1.996054"
"101850.0";"1.922792"
"101860.0";"1.932961"
"101870.0";"2.006339"
"101880.0";"1.937641"
"101890.0";"1.991636"
"101900.0";"2.027663"
"101910.0";"2.004972"
"101920.0";"1.987302"
"101930.0";"2.024622"
"101940.0";"2.030041"
"101950.0";"2.0292"
"101960.0";"2.032419"
"101970.0";"2.050491"
"101980.0";"2.07656"
"101990.0";"1.983751"
"102000.0";"1.980471"
"102010.0";"1.956328"
"102020.0";"2.002181"
"102030.0";"1.988965"
"102040.0";"1.974723"
"102050.0";"2.009184"
"102060.0";"1.978459"
"102070.0";"1.954285"
"102080.0";"1.980225"
"102090.0";"1.937484"
"102100.0";"1.983267"
"102110.0";"1.972895"
"102120.0";"2.006345"
"102130.0";"1.948503"
"102140.0";"2.030877"
"102150.0";"2.089082"
"102160.0";"2.029119"
"102170.0";"2.024806"
"102180.0";"2.074287"
"102190.0";"2.04806"
"102200.0";"1.993986"
"102210.0";"2.039593"
"102220.0";"2.008832"
"102230.0";"2.063392"
"102240.0";"1.988784"
"102250.0";"2.021589"
"102260.0";"2.004743"
"102270.0";"1.973726"
"102280.0";"1.985508"
"102290.0";"1.960573"
"102300.0";"1.929888"
"102310.0";"2.035029"
"102320.0";"2.023186"
"102330.0";"1.958748"
"102340.0";"2.019066"
"102350.0";"1.966821"
"102360.0";"1.97066"
"102370.0";"1.981509"
"102380.0";"2.023807"
"102390.0";"1.949644"
"102400.0";"1.993948"
"102410.0";"2.023266"
"102420.0";"1.947978"
"102430.0";"1.949956"
"102440.0";"1.999839"
"102450.0";"1.993799"
"102460.0";"1.972334"
"102470.0";"2.035989"
"102480.0";"1.96055"
"102490.0";"1.966476"
"102500.0";"1.951976"
"102510.0";"1.925722"
"102520.0";"1.979514"
"102530.0";"1.934323"
"102540.0";"1.90367"
"102550.0";"1.910509"
"102560.0";"1.979402"
"102570.0";"1.939621"
"102580.0";"2.05067"
"102590.0";"2.047012"
"102600.0";"1.983277"
"102610.0";"2.020356"
"102620.0";"1.948212"
"102630.0";"1.95594"
"102640.0";"2.005939"
"102650.0";"1.968092"
"102660.0";"1.946125"
"102670.0";"1.985535"
"102680.0";"1.940202"
"102690.0";"1.928176"
"102700.0";"1.961573"
"102710.0";"1.886428"
"102720.0";"1.936061"
"102730.0";"2.028694"
"102740.0";"1.976469"
"102750.0";"1.937088"
"102760.0";"2.077032"
"102770.0";"1.99121"
"102780.0";"1.89506"
"102790.0";"1.986998"
"102800.0";"1.998466"
"102810.0";"2.067779"
"102820.0";"2.003036"
"102830.0";"2.031588"
"102840.0";"1.94164"
"102850.0";"1.962236"
"102860.0";"1.927461"
"102870.0";"1.972311"
"102880.0";"1.97001"
"102890.0";"1.944811"
"102900.0";"1.981531"
"102910.0";"1.943656"
"102920.0";"1.935694"
"102930.0";"1.912654"
"102940.0";"1.989711"
"102950.0";"2.005714"
"102960.0";"1.993778"
"102970.0";"1.905472"
"102980.0";"1.952472"
"102990.0";"1.963703"
"103000.0";"2.04329"
"103010.0";"2.024298"
"103020.0";"1.992635"
"103030.0";"2.037214"
"103040.0";"2.001745"
"103050.0";"1.986233"
"103060.0";"1.927703"
"103070.0";"1.967661"
"103080.0";"2.009091"
"103090.0";"1.976854"
"103100.0";"1.996346"
"103110.0";"2.002595"
"103120.0";"2.003186"
"103130.0";"1.96968"
"103140.0";"1.994644"
"103150.0";"2.008307"
"103160.0";"1.894805"
"103170.0";"2.045953"
"103180.0";"2.008006"
"103190.0";"2.003819"
"103200.0";"1.952378"
"103210.0";"1.962413"
"103220.0";"1.927829"
"103230.0";"1.991356"
"103240.0";"1.894103"
"103250.0";"1.99725"
"103260.0";"1.9926"
"103270.0";"2.000289"
"103280.0";"2.075663"
"103290.0";"2.05485"
"103300.0";"1.978695"
"103310.0";"1.966138"
"103320.0";"1.989292"
"103330.0";"1.974486"
"103340.0";"1.970796"
"103350.0";"2.00298"
"103360.0";"1.992584"
"103370.0";"1.995927"
"103380.0";"2.008251"
"103390.0";"1.943844"
"103400.0";"2.017295"
"103410.0";"1.970077"
"103420.0";"1.870963"
"103430.0";"1.898354"
"103440.0";"1.960562"
"103450.0";"1.859319"
"103460.0";"1.950947"
"103470.0";"1.92593"
"103480.0";"1.939386"
"103490.0";"1.959007"
"103500.0";"1.975945"
"103510.0";"2.013326"
"103520.0";"1.984901"
"103530.0";"1.994004"
"103540.0";"1.927134"
"103550.0";"2.008457"
"103560.0";"1.932868"
"103570.0";"1.926901"
"103580.0";"1.94445"
"103590.0";"1.965689"
"103600.0";"1.974391"
"103610.0";"1.977506"
"103620.0";"1.973778"
"103630.0";"1.982411"
"103640.0";"2.013207"
"103650.0";"1.977744"
"103660.0";"1.950589"
"103670.0";"1.970245"
"103680.0";"1.952888"
"103690.0";"1.979792"
"103700.0";"2.015605"
"103710.0";"1.985239"
"103720.0";"1.937178"
"103730.0";"1.960829"
"103740.0";"1.962318"
"103750.0";"1.995218"
"103760.0";"1.998174"
"103770.0";"2.092985"
"103780.0";"2.045323"
"103790.0";"1.986369"
"103800.0";"1.988572"
"103810.0";"1.988439"
"103820.0";"2.042367"
"103830.0";"2.061567"
"103840.0";"2.008848"
"103850.0";"1.944875"
"103860.0";"2.011359"
"103870.0";"1.940576"
"103880.0";"1.898315"
"103890.0";"1.991166"
"103900.0";"1.949189"
"103910.0";"1.975554"
"103920.0";"2.035919"
"103930.0";"1.990731"
"103940.0";"2.05224"
"103950.0";"1.977063"
"103960.0";"1.865014"
"103970.0";"1.906281"
"103980.0";"1.931607"
"103990.0";"1.967892"
"104000.0";"1.944057"
"104010.0";"1.916582"
"104020.0";"1.915685"
"104030.0";"1.909069"
"104040.0";"1.969894"
"104050.0";"1.918029"
"104060.0";"1.916928"
"104070.0";"1.903267"
"104080.0";"1.948839"
"104090.0";"1.961139"
"104100.0";"1.951735"
"104110.0";"1.935483"
"104120.0";"1.86555"
"104130.0";"1.962901"
"104140.0";"1.955013"
"104150.0";"1.984203"
"104160.0";"1.998037"
"104170.0";"1.945604"
"104180.0";"1.907012"
"104190.0";"1.887433"
"104200.0";"1.981517"
"104210.0";"1.959345"
"104220.0";"1.959768"
"104230.0";"2.000765"
"104240.0";"1.97328"
"104250.0";"1.965733"
"104260.0";"1.987138"
"104270.0";"1.927837"
"104280.0";"2.025344"
"104290.0";"1.959492"
"104300.0";"1.925"
"104310.0";"1.922957"
"104320.0";"1.996354"
"104330.0";"1.998606"
"104340.0";"2.001523"
"104350.0";"2.017736"
"104360.0";"1.986896"
"104370.0";"1.959926"
"104380.0";"1.998265"
"104390.0";"1.949169"
"104400.0";"1.968821"
"104410.0";"2.030184"
"104420.0";"2.069326"
"104430.0";"1.945789"
"104440.0";"2.005607"
"104450.0";"2.131208"
"104460.0";"2.038564"
"104470.0";"2.027903"
"104480.0";"2.0041"
"104490.0";"2.053132"
"104500.0";"2.069876"
"104510.0";"2.06379"
"104520.0";"2.141591"
"104530.0";"2.00313"
"104540.0";"2.093275"
"104550.0";"2.073165"
"104560.0";"2.059985"
"104570.0";"2.057126"
"104580.0";"2.168247"
"104590.0";"2.165994"
"104600.0";"2.101721"
"104610.0";"2.212379"
"104620.0";"2.084321"
"104630.0";"2.09285"
"104640.0";"2.055667"
"104650.0";"2.045652"
"104660.0";"2.032778"
"104670.0";"2.030756"
"104680.0";"2.144693"
"104690.0";"2.079107"
"104700.0";"2.112233"
"104710.0";"2.180857"
"104720.0";"2.309825"
"104730.0";"2.227362"
"104740.0";"2.218464"
"104750.0";"2.111014"
"104760.0";"2.130548"
"104770.0";"2.082246"
"104780.0";"2.087751"
"104790.0";"2.098807"
"104800.0";"2.107039"
"104810.0";"2.176865"
"104820.0";"2.13573"
"104830.0";"2.181816"
"104840.0";"2.177896"
"104850.0";"2.246946"
"104860.0";"2.128209"
"104870.0";"2.030929"
"104880.0";"2.185349"
"104890.0";"2.206123"
"104900.0";"2.176906"
"104910.0";"2.134363"
"104920.0";"2.20738"
"104930.0";"2.400532"
"104940.0";"2.348427"
"104950.0";"2.459631"
"104960.0";"2.452843"
"104970.0";"2.485981"
"104980.0";"2.500885"
"104990.0";"2.419177"
"105000.0";"2.446776"
"105010.0";"2.404338"
"105020.0";"2.292953"
"105030.0";"2.299867"
"105040.0";"2.155404"
"105050.0";"2.267509"
"105060.0";"2.305107"
"105070.0";"2.375688"
"105080.0";"2.433174"
"105090.0";"2.459658"
"105100.0";"2.431201"
"105110.0";"2.328669"
"105120.0";"2.324714"
"105130.0";"2.317476"
"105140.0";"2.396915"
"105150.0";"2.240699"
"105160.0";"2.204129"
"105170.0";"2.075597"
"105180.0";"2.239348"
"105190.0";"2.156946"
"105200.0";"2.267923"
"105210.0";"2.19801"
"105220.0";"2.206478"
"105230.0";"2.242476"
"105240.0";"2.147553"
"105250.0";"2.169324"
"105260.0";"2.178843"
"105270.0";"2.235489"
"105280.0";"2.24773"
"105290.0";"2.175289"
"105300.0";"2.205818"
"105310.0";"2.127718"
"105320.0";"2.182446"
"105330.0";"2.383272"
"105340.0";"2.338653"
"105350.0";"2.291535"
"105360.0";"2.322657"
"105370.0";"2.268943"
"105380.0";"2.382278"
"105390.0";"2.420853"
"105400.0";"2.418041"
"105410.0";"2.352667"
"105420.0";"2.403252"
"105430.0";"2.403913"
"105440.0";"2.273899"
"105450.0";"2.186679"
"105460.0";"2.089846"
"105470.0";"2.21562"
"105480.0";"2.227379"
"105490.0";"2.195962"
"105500.0";"2.119635"
"105510.0";"2.245908"
"105520.0";"2.225577"
"105530.0";"2.2484"
"105540.0";"2.19797"
"105550.0";"2.144321"
"105560.0";"2.282222"
"105570.0";"2.178596"
"105580.0";"2.291428"
"105590.0";"2.206922"
"105600.0";"2.134644"
"105610.0";"2.357696"
"105620.0";"2.303262"
"105630.0";"2.411038"
"105640.0";"2.262228"
"105650.0";"2.166332"
"105660.0";"2.207873"
"105670.0";"2.088383"
"105680.0";"2.141704"
"105690.0";"2.115697"
"105700.0";"2.200965"
"105710.0";"2.24543"
"105720.0";"2.153809"
"105730.0";"2.208904"
"105740.0";"2.281208"
"105750.0";"2.194147"
"105760.0";"2.222103"
"105770.0";"2.226109"
"105780.0";"2.118292"
"105790.0";"2.176257"
"105800.0";"2.211019"
"105810.0";"2.205978"
"105820.0";"2.217508"
"105830.0";"2.365579"
"105840.0";"2.246625"
"105850.0";"2.410265"
"105860.0";"2.259741"
"105870.0";"2.23728"
"105880.0";"2.16036"
"105890.0";"2.231913"
"105900.0";"2.232196"
"105910.0";"2.188929"
"105920.0";"2.2291"
"105930.0";"2.096633"
"105940.0";"2.128677"
"105950.0";"2.198792"
"105960.0";"2.121246"
"105970.0";"2.120988"
"105980.0";"2.118819"
"105990.0";"2.252832"
"106000.0";"2.133464"
"106010.0";"2.198207"
"106020.0";"2.204984"
"106030.0";"2.191366"
"106040.0";"2.160357"
"106050.0";"2.134571"
"106060.0";"2.222081"
"106070.0";"2.223499"
"106080.0";"2.230543"
"106090.0";"2.294587"
"106100.0";"2.40224"
"106110.0";"2.326025"
"106120.0";"2.315787"
"106130.0";"2.425742"
"106140.0";"2.316314"
"106150.0";"2.329306"
"106160.0";"2.28388"
"106170.0";"2.395229"
"106180.0";"2.433156"
"106190.0";"2.29985"
"106200.0";"2.403711"
"106210.0";"2.382165"
"106220.0";"2.504031"
"106230.0";"2.585857"
"106240.0";"2.714286"
"106250.0";"2.554873"
"106260.0";"2.453601"
"106270.0";"2.473737"
"106280.0";"2.521518"
"106290.0";"2.479805"
"106300.0";"2.570116"
"106310.0";"2.407331"
"106320.0";"2.402859"
"106330.0";"2.356345"
"106340.0";"2.530136"
"106350.0";"2.502745"
"106360.0";"2.333142"
"106370.0";"2.285888"
"106380.0";"2.148619"
"106390.0";"2.127128"
"106400.0";"2.068953"
"106410.0";"2.199743"
"106420.0";"2.234134"
"106430.0";"2.175615"
"106440.0";"2.179125"
"106450.0";"2.128352"
"106460.0";"2.129866"
"106470.0";"2.183749"
"106480.0";"2.183766"
"106490.0";"2.122867"
"106500.0";"2.194502"
"106510.0";"2.214703"
"106520.0";"2.172565"
"106530.0";"2.109028"
"106540.0";"2.182601"
"106550.0";"2.18903"
"106560.0";"2.146656"
"106570.0";"2.119545"
"106580.0";"2.198023"
"106590.0";"2.140857"
"106600.0";"2.070995"
"106610.0";"2.003878"
"106620.0";"2.042469"
"106630.0";"2.089889"
"106640.0";"2.043901"
"106650.0";"2.135029"
"106660.0";"2.054634"
"106670.0";"2.030165"
"106680.0";"2.045841"
"106690.0";"1.978347"
"106700.0";"2.031425"
"106710.0";"2.335175"
"106720.0";"2.266383"
"106730.0";"2.06105"
"106740.0";"2.012671"
"106750.0";"2.06939"
"106760.0";"2.189864"
"106770.0";"2.083218"
"106780.0";"2.078478"
"106790.0";"2.077278"
"106800.0";"2.053678"
"106810.0";"2.059536"
"106820.0";"2.060096"
"106830.0";"2.116663"
"106840.0";"2.246398"
"106850.0";"2.23393"
"106860.0";"2.193081"
"106870.0";"2.215401"
"106880.0";"2.255838"
"106890.0";"2.141675"
"106900.0";"2.160314"
"106910.0";"2.2473"
"106920.0";"2.245986"
"106930.0";"2.250249"
"106940.0";"2.312629"
"106950.0";"2.239007"
"106960.0";"2.132795"
"106970.0";"2.148336"
"106980.0";"2.243285"
"106990.0";"2.249448"
"107000.0";"2.239025"
"107010.0";"2.375031"
"107020.0";"2.257866"
"107030.0";"2.228674"
"107040.0";"2.232769"
"107050.0";"2.329332"
"107060.0";"2.369731"
"107070.0";"2.29227"
"107080.0";"2.347702"
"107090.0";"2.373914"
"107100.0";"2.308805"
"107110.0";"2.377731"
"107120.0";"2.408655"
"107130.0";"2.322368"
"107140.0";"2.295599"
"107150.0";"2.355188"
"107160.0";"2.284382"
"107170.0";"2.306514"
"107180.0";"2.249849"
"107190.0";"2.29853"
"107200.0";"2.19521"
"107210.0";"2.237644"
"107220.0";"2.188291"
"107230.0";"2.270762"
"107240.0";"2.253016"
"107250.0";"2.280795"
"107260.0";"2.275038"
"107270.0";"2.307767"
"107280.0";"2.088676"
"107290.0";"2.065982"
"107300.0";"2.123656"
"107310.0";"2.189649"
"107320.0";"2.057738"
"107330.0";"2.072054"
"107340.0";"2.258252"
"107350.0";"2.212099"
"107360.0";"2.174178"
"107370.0";"2.144347"
"107380.0";"2.253475"
"107390.0";"2.123799"
"107400.0";"2.159878"
"107410.0";"2.163957"
"107420.0";"2.245728"
"107430.0";"2.223787"
"107440.0";"2.362131"
"107450.0";"2.29555"
"107460.0";"2.361419"
"107470.0";"2.363759"
"107480.0";"2.339916"
"107490.0";"2.230913"
"107500.0";"2.239077"
"107510.0";"2.267056"
"107520.0";"2.135086"
"107530.0";"2.250986"
"107540.0";"2.20882"
"107550.0";"2.192807"
"107560.0";"2.130138"
"107570.0";"2.043574"
"107580.0";"2.004996"
"107590.0";"2.132312"
"107600.0";"2.12357"
"107610.0";"2.034073"
"107620.0";"2.13914"
"107630.0";"2.121876"
"107640.0";"2.12085"
"107650.0";"2.134415"
"107660.0";"2.02762"
"107670.0";"2.078827"
"107680.0";"1.987776"
"107690.0";"2.060661"
"107700.0";"2.141913"
"107710.0";"2.053172"
"107720.0";"2.052043"
"107730.0";"2.160248"
"107740.0";"2.11879"
"107750.0";"2.068183"
"107760.0";"2.109455"
"107770.0";"1.984591"
"107780.0";"2.063703"
"107790.0";"2.043406"
"107800.0";"2.044826"
"107810.0";"2.058692"
"107820.0";"1.967259"
"107830.0";"2.003579"
"107840.0";"2.068275"
"107850.0";"2.011917"
"107860.0";"1.996634"
"107870.0";"2.085445"
"107880.0";"2.037473"
"107890.0";"2.05925"
"107900.0";"2.030783"
"107910.0";"2.084727"
"107920.0";"2.02217"
"107930.0";"1.994878"
"107940.0";"2.014977"
"107950.0";"2.011697"
"107960.0";"2.053979"
"107970.0";"2.049234"
"107980.0";"2.126794"
"107990.0";"2.053219"
"108000.0";"2.158568"
"108010.0";"2.173149"
"108020.0";"2.126645"
"108030.0";"2.087948"
"108040.0";"2.055614"
"108050.0";"2.000862"
"108060.0";"2.026198"
"108070.0";"2.009617"
"108080.0";"2.091322"
"108090.0";"2.088157"
"108100.0";"2.087066"
"108110.0";"2.072008"
"108120.0";"1.930728"
"108130.0";"2.169115"
"108140.0";"2.077197"
"108150.0";"2.056122"
"108160.0";"1.998476"
"108170.0";"2.05271"
"108180.0";"2.020952"
"108190.0";"2.088096"
"108200.0";"2.059342"
"108210.0";"2.060535"
"108220.0";"2.142941"
"108230.0";"2.068543"
"108240.0";"2.107364"
"108250.0";"2.203055"
"108260.0";"2.099111"
"108270.0";"2.093918"
"108280.0";"1.934572"
"108290.0";"2.030751"
"108300.0";"1.991271"
"108310.0";"2.015395"
"108320.0";"2.000528"
"108330.0";"2.047835"
"108340.0";"1.936769"
"108350.0";"1.852803"
"108360.0";"1.959002"
"108370.0";"1.970183"
"108380.0";"1.972675"
"108390.0";"1.911776"
"108400.0";"1.900721"
"108410.0";"2.010566"
"108420.0";"2.083186"
"108430.0";"1.996449"
"108440.0";"1.974383"
"108450.0";"1.960082"
"108460.0";"1.968412"
"108470.0";"2.05263"
"108480.0";"2.03084"
"108490.0";"1.992308"
"108500.0";"2.012973"
"108510.0";"2.043414"
"108520.0";"2.020573"
"108530.0";"2.026796"
"108540.0";"2.063232"
"108550.0";"2.004142"
"108560.0";"2.078442"
"108570.0";"2.013958"
"108580.0";"2.058919"
"108590.0";"2.058556"
"108600.0";"2.030735"
"108610.0";"2.046153"
"108620.0";"2.07705"
"108630.0";"2.094483"
"108640.0";"2.026125"
"108650.0";"2.143991"
"108660.0";"2.059137"
"108670.0";"2.052304"
"108680.0";"2.036721"
"108690.0";"1.963679"
"108700.0";"1.970808"
"108710.0";"2.060527"
"108720.0";"2.109196"
"108730.0";"1.999637"
"108740.0";"2.045003"
"108750.0";"2.07585"
"108760.0";"2.119025"
"108770.0";"2.098417"
"108780.0";"2.012836"
"108790.0";"2.029653"
"108800.0";"2.057234"
"108810.0";"2.125367"
"108820.0";"2.056976"
"108830.0";"2.024293"
"108840.0";"2.067439"
"108850.0";"2.009992"
"108860.0";"2.117428"
"108870.0";"2.02387"
"108880.0";"2.028827"
"108890.0";"2.063041"
"108900.0";"2.00959"
"108910.0";"2.113812"
"108920.0";"2.066034"
"108930.0";"2.101186"
"108940.0";"2.044727"
"108950.0";"2.026698"
"108960.0";"2.023712"
"108970.0";"2.039705"
"108980.0";"2.009407"
"108990.0";"2.068319"
"109000.0";"2.079089"
"109010.0";"2.021073"
"109020.0";"2.028609"
"109030.0";"2.062067"
"109040.0";"2.035655"
"109050.0";"2.023133"
"109060.0";"2.015474"
"109070.0";"1.945645"
"109080.0";"2.016021"
"109090.0";"2.026948"
"109100.0";"2.032006"
"109110.0";"2.023272"
"109120.0";"2.031075"
"109130.0";"2.105027"
"109140.0";"2.045238"
"109150.0";"2.000642"
"109160.0";"2.051627"
"109170.0";"2.00719"
"109180.0";"2.016808"
"109190.0";"2.082239"
"109200.0";"2.054219"
"109210.0";"2.065663"
"109220.0";"2.055775"
"109230.0";"1.999008"
"109240.0";"2.019791"
"109250.0";"2.068624"
"109260.0";"2.069418"
"109270.0";"2.045922"
"109280.0";"2.027351"
"109290.0";"2.10513"
"109300.0";"2.032495"
"109310.0";"2.029789"
"109320.0";"2.005793"
"109330.0";"2.088654"
"109340.0";"2.093193"
"109350.0";"2.047048"
"109360.0";"2.036908"
"109370.0";"1.98981"
"109380.0";"2.112991"
"109390.0";"2.079742"
"109400.0";"2.086275"
"109410.0";"2.011182"
"109420.0";"2.062308"
"109430.0";"2.057473"
"109440.0";"2.07222"
"109450.0";"2.040333"
"109460.0";"2.060715"
"109470.0";"2.081438"
"109480.0";"2.071594"
"109490.0";"2.087403"
"109500.0";"2.126188"
"109510.0";"2.072955"
"109520.0";"2.065181"
"109530.0";"2.068253"
"109540.0";"1.982815"
"109550.0";"1.931924"
"109560.0";"2.031816"
"109570.0";"1.99572"
"109580.0";"2.020665"
"109590.0";"2.053622"
"109600.0";"2.003041"
"109610.0";"2.037515"
"109620.0";"2.135521"
"109630.0";"2.059097"
"109640.0";"2.056515"
"109650.0";"1.976328"
"109660.0";"2.036746"
"109670.0";"2.006822"
"109680.0";"2.073793"
"109690.0";"2.007288"
"109700.0";"1.976413"
"109710.0";"1.988071"
"109720.0";"2.072755"
"109730.0";"1.95217"
"109740.0";"2.050806"
"109750.0";"2.037658"
"109760.0";"2.025944"
"109770.0";"2.020663"
"109780.0";"2.060418"
"109790.0";"1.983023"
"109800.0";"2.085085"
"109810.0";"2.017469"
"109820.0";"1.992648"
"109830.0";"2.040774"
"109840.0";"1.976413"
"109850.0";"1.959795"
"109860.0";"1.989738"
"109870.0";"1.947134"
"109880.0";"2.003998"
"109890.0";"2.006362"
"109900.0";"2.023103"
"109910.0";"2.027596"
"109920.0";"1.988313"
"109930.0";"2.097338"
"109940.0";"2.015804"
"109950.0";"2.073192"
"109960.0";"2.090266"
"109970.0";"2.010137"
"109980.0";"2.0717"
"109990.0";"2.077698"
"110000.0";"1.97584"
"110010.0";"2.055797"
"110020.0";"2.021109"
"110030.0";"2.016152"
"110040.0";"2.016068"
"110050.0";"1.98942"
"110060.0";"2.06798"
"110070.0";"2.004536"
"110080.0";"2.010802"
"110090.0";"2.126331"
"110100.0";"2.008834"
"110110.0";"1.974876"
"110120.0";"2.013122"
"110130.0";"2.032335"
"110140.0";"1.963338"
"110150.0";"2.031685"
"110160.0";"2.017417"
"110170.0";"2.00881"
"110180.0";"2.022313"
"110190.0";"2.040717"
"110200.0";"2.078615"
"110210.0";"2.01144"
"110220.0";"1.982724"
"110230.0";"2.060935"
"110240.0";"2.001688"
"110250.0";"2.004001"
"110260.0";"2.024424"
"110270.0";"2.035342"
"110280.0";"2.034375"
"110290.0";"2.018108"
"110300.0";"2.025205"
"110310.0";"2.065634"
"110320.0";"2.042615"
"110330.0";"2.037229"
"110340.0";"2.026308"
"110350.0";"2.016296"
"110360.0";"2.064792"
"110370.0";"2.050618"
"110380.0";"2.017167"
"110390.0";"2.024895"
"110400.0";"2.053124"
"110410.0";"2.01131"
"110420.0";"1.989353"
"110430.0";"2.031018"
"110440.0";"1.995767"
"110450.0";"1.953767"
"110460.0";"1.979482"
"110470.0";"1.973274"
"110480.0";"1.967425"
"110490.0";"1.93914"
"110500.0";"1.912341"
"110510.0";"1.99553"
"110520.0";"1.980331"
"110530.0";"2.006182"
"110540.0";"1.976779"
"110550.0";"1.907432"
"110560.0";"2.00142"
"110570.0";"2.002148"
"110580.0";"1.980733"
"110590.0";"1.98647"
"110600.0";"1.98596"
"110610.0";"1.943822"
"110620.0";"2.0267"
"110630.0";"1.92639"
"110640.0";"2.008345"
"110650.0";"2.027151"
"110660.0";"2.016137"
"110670.0";"1.967252"
"110680.0";"2.041302"
"110690.0";"1.962096"
"110700.0";"1.992204"
"110710.0";"1.941988"
"110720.0";"2.041151"
"110730.0";"2.041932"
"110740.0";"2.064912"
"110750.0";"2.07228"
"110760.0";"2.027807"
"110770.0";"1.959081"
"110780.0";"1.998895"
"110790.0";"1.958393"
"110800.0";"1.978737"
"110810.0";"1.956988"
"110820.0";"1.955437"
"110830.0";"1.958104"
"110840.0";"1.969364"
"110850.0";"1.986374"
"110860.0";"1.977296"
"110870.0";"1.982077"
"110880.0";"1.980862"
"110890.0";"2.029682"
"110900.0";"2.015381"
"110910.0";"2.014637"
"110920.0";"2.029708"
"110930.0";"2.02119"
"110940.0";"1.947952"
"110950.0";"1.986351"
"110960.0";"1.996194"
"110970.0";"1.948676"
"110980.0";"1.930934"
"110990.0";"1.955458"
"111000.0";"2.037029"
"111010.0";"2.012537"
"111020.0";"2.02935"
"111030.0";"2.104468"
"111040.0";"2.059237"
"111050.0";"2.042331"
"111060.0";"1.934044"
"111070.0";"1.967533"
"111080.0";"1.976525"
"111090.0";"2.016742"
"111100.0";"1.986721"
"111110.0";"1.995725"
"111120.0";"1.956099"
"111130.0";"2.026501"
"111140.0";"2.035727"
"111150.0";"2.010397"
"111160.0";"1.965955"
"111170.0";"2.007395"
"111180.0";"1.960843"
"111190.0";"1.966899"
"111200.0";"1.970168"
"111210.0";"1.961298"
"111220.0";"1.977351"
"111230.0";"1.958881"
"111240.0";"1.985599"
"111250.0";"2.002093"
"111260.0";"1.942754"
"111270.0";"1.984793"
"111280.0";"2.011744"
"111290.0";"1.99953"
"111300.0";"1.959233"
"111310.0";"1.979053"
"111320.0";"1.987101"
"111330.0";"1.962405"
"111340.0";"1.948072"
"111350.0";"1.970332"
"111360.0";"1.959773"
"111370.0";"1.950817"
"111380.0";"1.948225"
"111390.0";"1.992479"
"111400.0";"2.041655"
"111410.0";"2.000824"
"111420.0";"1.962049"
"111430.0";"2.018719"
"111440.0";"1.966959"
"111450.0";"1.970063"
"111460.0";"1.989583"
"111470.0";"2.033969"
"111480.0";"2.051202"
"111490.0";"2.029435"
"111500.0";"2.04895"
"111510.0";"2.003936"
"111520.0";"2.017276"
"111530.0";"2.015049"
"111540.0";"1.992773"
"111550.0";"1.983384"
"111560.0";"2.057345"
"111570.0";"2.024682"
"111580.0";"2.073988"
"111590.0";"2.017462"
"111600.0";"1.997552"
"111610.0";"2.007546"
"111620.0";"1.988733"
"111630.0";"1.992553"
"111640.0";"1.987584"
"111650.0";"2.010591"
"111660.0";"2.009047"
"111670.0";"2.08077"
"111680.0";"1.993755"
"111690.0";"2.028049"
"111700.0";"2.060341"
"111710.0";"2.032378"
"111720.0";"2.040461"
"111730.0";"2.064967"
"111740.0";"2.035953"
"111750.0";"2.08202"
"111760.0";"2.071925"
"111770.0";"2.020953"
"111780.0";"2.003973"
"111790.0";"2.00881"
"111800.0";"2.043115"
"111810.0";"2.0026"
"111820.0";"1.979643"
"111830.0";"2.071546"
"111840.0";"2.001315"
"111850.0";"2.010018"
"111860.0";"1.993013"
"111870.0";"2.005141"
"111880.0";"2.002969"
"111890.0";"2.041057"
"111900.0";"2.000143"
"111910.0";"1.996005"
"111920.0";"2.057102"
"111930.0";"2.042749"
"111940.0";"1.957646"
"111950.0";"2.053118"
"111960.0";"2.057849"
"111970.0";"2.060344"
"111980.0";"2.059143"
"111990.0";"2.073734"
"112000.0";"1.995809"
"112010.0";"2.00499"
"112020.0";"2.076416"
"112030.0";"2.050695"
"112040.0";"1.991252"
"112050.0";"1.983758"
"112060.0";"2.017928"
"112070.0";"2.017391"
"112080.0";"1.978942"
"112090.0";"2.083952"
"112100.0";"2.053349"
"112110.0";"2.012605"
"112120.0";"2.012876"
"112130.0";"1.982432"
"112140.0";"2.03161"
"112150.0";"1.979974"
"112160.0";"1.980487"
"112170.0";"1.978679"
"112180.0";"1.933683"
"112190.0";"1.990202"
"112200.0";"1.981187"
"112210.0";"2.025119"
"112220.0";"1.984564"
"112230.0";"2.029529"
"112240.0";"1.984367"
"112250.0";"2.03658"
"112260.0";"1.959445"
"112270.0";"2.066993"
"112280.0";"2.053585"
"112290.0";"2.013636"
"112300.0";"1.998721"
"112310.0";"1.982394"
"112320.0";"2.066387"
"112330.0";"2.033508"
"112340.0";"2.014298"
"112350.0";"1.993508"
"112360.0";"1.964636"
"112370.0";"2.035038"
"112380.0";"2.007114"
"112390.0";"2.024748"
"112400.0";"2.002207"
"112410.0";"1.979462"
"112420.0";"2.013703"
"112430.0";"1.952412"
"112440.0";"1.973183"
"112450.0";"2.011244"
"112460.0";"2.035809"
"112470.0";"1.981966"
"112480.0";"1.95003"
"112490.0";"1.955248"
"112500.0";"2.004662"
"112510.0";"2.059413"
"112520.0";"1.96805"
"112530.0";"2.00596"
"112540.0";"1.975203"
"112550.0";"2.050964"
"112560.0";"2.046544"
"112570.0";"2.01808"
"112580.0";"2.036226"
"112590.0";"2.074807"
"112600.0";"2.023741"
"112610.0";"2.045178"
"112620.0";"2.061475"
"112630.0";"2.017209"
"112640.0";"2.018113"
"112650.0";"2.031875"
"112660.0";"1.986271"
"112670.0";"2.011935"
"112680.0";"2.043113"
"112690.0";"2.065637"
"112700.0";"2.031347"
"112710.0";"2.021712"
"112720.0";"2.030293"
"112730.0";"2.055717"
"112740.0";"2.052397"
"112750.0";"2.017863"
"112760.0";"2.014809"
"112770.0";"2.056078"
"112780.0";"2.060448"
"112790.0";"1.975008"
"112800.0";"2.005698"
"112810.0";"2.019678"
"112820.0";"2.090773"
"112830.0";"1.965712"
"112840.0";"2.068401"
"112850.0";"1.985462"
"112860.0";"2.002178"
"112870.0";"1.929574"
"112880.0";"1.986187"
"112890.0";"1.984594"
"112900.0";"1.980896"
"112910.0";"2.076914"
"112920.0";"1.933335"
"112930.0";"2.02627"
"112940.0";"1.960261"
"112950.0";"2.026352"
"112960.0";"1.939843"
"112970.0";"1.921764"
"112980.0";"2.005632"
"112990.0";"1.988335"
"113000.0";"2.081676"
"113010.0";"2.03199"
"113020.0";"1.965584"
"113030.0";"1.953413"
"113040.0";"2.017649"
"113050.0";"2.032579"
"113060.0";"2.034462"
"113070.0";"1.945348"
"113080.0";"1.973856"
"113090.0";"2.04622"
"113100.0";"2.009304"
"113110.0";"1.942423"
"113120.0";"2.079762"
"113130.0";"1.999889"
"113140.0";"1.96624"
"113150.0";"2.014915"
"113160.0";"2.0204"
"113170.0";"2.007062"
"113180.0";"2.01582"
"113190.0";"2.022084"
"113200.0";"2.044827"
"113210.0";"1.99857"
"113220.0";"2.082335"
"113230.0";"1.930015"
"113240.0";"2.01111"
"113250.0";"2.059203"
"113260.0";"1.962569"
"113270.0";"1.957816"
"113280.0";"1.985476"
"113290.0";"1.922999"
"113300.0";"1.976971"
"113310.0";"1.988744"
"113320.0";"2.010721"
"113330.0";"2.011003"
"113340.0";"1.940819"
"113350.0";"1.920573"
"113360.0";"2.027936"
"113370.0";"2.020805"
"113380.0";"1.987796"
"113390.0";"1.917666"
"113400.0";"1.925327"
"113410.0";"2.073783"
"113420.0";"2.001066"
"113430.0";"2.044487"
"113440.0";"2.036474"
"113450.0";"2.015286"
"113460.0";"1.998761"
"113470.0";"2.033012"
"113480.0";"2.056027"
"113490.0";"1.988585"
"113500.0";"1.995412"
"113510.0";"2.021882"
"113520.0";"2.027544"
"113530.0";"1.974746"
"113540.0";"2.019222"
"113550.0";"1.952772"
"113560.0";"1.936913"
"113570.0";"1.980507"
"113580.0";"2.050324"
"113590.0";"2.064087"
"113600.0";"2.005373"
"113610.0";"1.960867"
"113620.0";"1.972334"
"113630.0";"2.027526"
"113640.0";"2.005216"
"113650.0";"2.005255"
"113660.0";"2.033474"
"113670.0";"2.020956"
"113680.0";"1.981759"
"113690.0";"1.95696"
"113700.0";"2.088304"
"113710.0";"2.011957"
"113720.0";"2.058752"
"113730.0";"2.055373"
"113740.0";"1.968746"
"113750.0";"2.015708"
"113760.0";"1.940367"
"113770.0";"2.05523"
"113780.0";"2.045078"
"113790.0";"2.083966"
"113800.0";"2.0278"
"113810.0";"2.048526"
"113820.0";"1.971604"
"113830.0";"1.982354"
"113840.0";"1.996106"
"113850.0";"1.974787"
"113860.0";"1.994251"
"113870.0";"1.907487"
"113880.0";"2.011634"
"113890.0";"1.990612"
"113900.0";"1.981114"
"113910.0";"2.002971"
"113920.0";"2.040042"
"113930.0";"2.10121"
"113940.0";"2.027294"
"113950.0";"1.990691"
"113960.0";"1.968171"
"113970.0";"2.027062"
"113980.0";"2.031478"
"113990.0";"2.076577"
"114000.0";"1.978392"
"114010.0";"1.975298"
"114020.0";"1.975852"
"114030.0";"2.004204"
"114040.0";"2.019067"
"114050.0";"1.994919"
"114060.0";"2.105288"
"114070.0";"2.03639"
"114080.0";"2.002908"
"114090.0";"1.97653"
"114100.0";"2.026394"
"114110.0";"2.076998"
"114120.0";"2.002194"
"114130.0";"2.007573"
"114140.0";"1.925971"
"114150.0";"2.027465"
"114160.0";"2.041861"
"114170.0";"2.023471"
"114180.0";"2.016941"
"114190.0";"1.992172"
"114200.0";"2.057696"
"114210.0";"1.998797"
"114220.0";"2.054892"
"114230.0";"1.995912"
"114240.0";"2.010352"
"114250.0";"1.961716"
"114260.0";"2.001927"
"114270.0";"2.075736"
"114280.0";"2.015497"
"114290.0";"1.964892"
"114300.0";"2.031508"
"114310.0";"2.049217"
"114320.0";"1.976607"
"114330.0";"2.026819"
"114340.0";"1.984232"
"114350.0";"1.98834"
"114360.0";"2.016737"
"114370.0";"2.02739"
"114380.0";"2.055973"
"114390.0";"1.999501"
"114400.0";"1.982948"
"114410.0";"2.120311"
"114420.0";"2.026497"
"114430.0";"1.991242"
"114440.0";"2.082752"
"114450.0";"2.041086"
"114460.0";"2.091835"
"114470.0";"1.980277"
"114480.0";"2.108573"
"114490.0";"2.079577"
"114500.0";"2.074643"
"114510.0";"1.996722"
"114520.0";"2.031194"
"114530.0";"1.98016"
"114540.0";"2.022548"
"114550.0";"2.020131"
"114560.0";"2.010409"
"114570.0";"2.019412"
"114580.0";"2.052496"
"114590.0";"2.069756"
"114600.0";"2.051197"
"114610.0";"2.009075"
"114620.0";"1.981439"
"114630.0";"2.02491"
"114640.0";"2.042987"
"114650.0";"2.031997"
"114660.0";"2.022099"
"114670.0";"1.968504"
"114680.0";"1.993607"
"114690.0";"1.976301"
"114700.0";"2.038328"
"114710.0";"1.994671"
"114720.0";"1.987155"
"114730.0";"2.000731"
"114740.0";"1.946271"
"114750.0";"1.99728"
"114760.0";"2.043961"
"114770.0";"1.961237"
"114780.0";"1.987004"
"114790.0";"2.026619"
"114800.0";"2.030207"
"114810.0";"2.149987"
"114820.0";"2.043746"
"114830.0";"2.094101"
"114840.0";"2.09932"
"114850.0";"2.104619"
"114860.0";"2.134394"
"114870.0";"2.045127"
"114880.0";"1.996837"
"114890.0";"2.042241"
"114900.0";"2.028951"
"114910.0";"2.071505"
"114920.0";"2.058071"
"114930.0";"2.051641"
"114940.0";"2.007957"
"114950.0";"2.04508"
"114960.0";"2.131001"
"114970.0";"2.038042"
"114980.0";"2.083556"
"114990.0";"2.011399"
"115000.0";"2.03988"
"115010.0";"2.062983"
"115020.0";"2.058805"
"115030.0";"2.011119"
"115040.0";"2.189382"
"115050.0";"2.107187"
"115060.0";"2.022089"
"115070.0";"2.039294"
"115080.0";"1.999251"
"115090.0";"2.070849"
"115100.0";"2.101169"
"115110.0";"2.022452"
"115120.0";"2.011708"
"115130.0";"1.973892"
"115140.0";"2.033277"
"115150.0";"2.045883"
"115160.0";"2.043047"
"115170.0";"2.028504"
"115180.0";"2.017347"
"115190.0";"2.054997"
"115200.0";"1.952586"
"115210.0";"1.950869"
"115220.0";"1.975921"
"115230.0";"1.987222"
"115240.0";"2.000742"
"115250.0";"1.964176"
"115260.0";"1.991358"
"115270.0";"1.98473"
"115280.0";"1.994752"
"115290.0";"2.078702"
"115300.0";"2.020322"
"115310.0";"2.023318"
"115320.0";"1.992241"
"115330.0";"2.005332"
"115340.0";"2.022578"
"115350.0";"2.011054"
"115360.0";"1.966462"
"115370.0";"1.97098"
"115380.0";"2.030346"
"115390.0";"2.065061"
"115400.0";"2.073847"
"115410.0";"2.03599"
"115420.0";"2.066782"
"115430.0";"2.032558"
"115440.0";"2.055629"
"115450.0";"2.020984"
"115460.0";"2.010202"
"115470.0";"2.034999"
"115480.0";"2.033023"
"115490.0";"2.033743"
"115500.0";"2.016504"
"115510.0";"2.056922"
"115520.0";"1.988872"
"115530.0";"2.012639"
"115540.0";"2.022687"
"115550.0";"1.982588"
"115560.0";"2.033068"
"115570.0";"1.974271"
"115580.0";"1.958472"
"115590.0";"2.057731"
"115600.0";"2.114588"
"115610.0";"2.165969"
"115620.0";"2.191636"
"115630.0";"2.088778"
"115640.0";"2.14424"
"115650.0";"2.177689"
"115660.0";"2.13637"
"115670.0";"2.073195"
"115680.0";"2.118929"
"115690.0";"2.085301"
"115700.0";"2.13"
"115710.0";"2.101468"
"115720.0";"2.11222"
"115730.0";"2.150964"
"115740.0";"2.152315"
"115750.0";"2.012815"
"115760.0";"2.068786"
"115770.0";"2.0774"
"115780.0";"2.063306"
"115790.0";"1.98767"
"115800.0";"1.95738"
"115810.0";"2.001875"
"115820.0";"2.07934"
"115830.0";"2.02271"
"115840.0";"2.069608"
"115850.0";"2.045112"
"115860.0";"2.054762"
"115870.0";"2.146281"
"115880.0";"2.109112"
"115890.0";"2.082571"
"115900.0";"2.04638"
"115910.0";"2.130758"
"115920.0";"2.010862"
"115930.0";"2.067222"
"115940.0";"2.048227"
"115950.0";"2.032779"
"115960.0";"2.080246"
"115970.0";"2.083077"
"115980.0";"1.962656"
"115990.0";"2.097697"
"116000.0";"1.99778"
"116010.0";"1.941148"
"116020.0";"2.078723"
"116030.0";"2.038898"
"116040.0";"2.08475"
"116050.0";"1.998246"
"116060.0";"1.991763"
"116070.0";"2.050024"
"116080.0";"2.016525"
"116090.0";"2.104045"
"116100.0";"2.052452"
"116110.0";"2.04627"
"116120.0";"2.054751"
"116130.0";"2.121553"
"116140.0";"2.037358"
"116150.0";"2.087145"
"116160.0";"2.080559"
"116170.0";"2.105272"
"116180.0";"2.132489"
"116190.0";"2.14545"
"116200.0";"2.118341"
"116210.0";"2.141742"
"116220.0";"2.043654"
"116230.0";"2.188563"
"116240.0";"2.122497"
"116250.0";"2.092629"
"116260.0";"2.074696"
"116270.0";"2.170609"
"116280.0";"2.15751"
"116290.0";"2.16432"
"116300.0";"2.050286"
"116310.0";"2.068968"
"116320.0";"2.132071"
"116330.0";"2.256177"
"116340.0";"2.177923"
"116350.0";"2.058761"
"116360.0";"2.052501"
"116370.0";"2.062535"
"116380.0";"2.117727"
"116390.0";"2.219478"
"116400.0";"2.203325"
"116410.0";"2.101957"
"116420.0";"1.980929"
"116430.0";"2.019386"
"116440.0";"2.151181"
"116450.0";"2.141311"
"116460.0";"2.246067"
"116470.0";"2.258562"
"116480.0";"2.121652"
"116490.0";"2.150054"
"116500.0";"2.136632"
"116510.0";"2.203973"
"116520.0";"2.211481"
"116530.0";"2.183816"
"116540.0";"2.149198"
"116550.0";"2.014147"
"116560.0";"2.102882"
"116570.0";"2.220977"
"116580.0";"2.1955"
"116590.0";"2.190091"
"116600.0";"2.284601"
"116610.0";"2.16578"
"116620.0";"2.18744"
"116630.0";"2.107151"
"116640.0";"2.166501"
"116650.0";"2.079787"
"116660.0";"2.12156"
"116670.0";"2.175534"
"116680.0";"2.041065"
"116690.0";"2.231411"
"116700.0";"2.213327"
"116710.0";"2.14548"
"116720.0";"2.073732"
"116730.0";"2.153295"
"116740.0";"2.070613"
"116750.0";"2.08419"
"116760.0";"2.130057"
"116770.0";"2.192438"
"116780.0";"2.264538"
"116790.0";"2.108468"
"116800.0";"2.148188"
"116810.0";"2.135819"
"116820.0";"2.077362"
"116830.0";"2.054091"
"116840.0";"2.123718"
"116850.0";"2.159706"
"116860.0";"2.195803"
"116870.0";"2.140715"
"116880.0";"2.215793"
"116890.0";"2.129053"
"116900.0";"2.105608"
"116910.0";"2.176618"
"116920.0";"2.127946"
"116930.0";"2.149366"
"116940.0";"2.147339"
"116950.0";"2.155096"
"116960.0";"2.152324"
"116970.0";"2.125766"
"116980.0";"2.199921"
"116990.0";"1.969292"
"117000.0";"2.075648"
"117010.0";"2.021395"
"117020.0";"2.078217"
"117030.0";"2.234803"
"117040.0";"2.112155"
"117050.0";"2.151224"
"117060.0";"2.070363"
"117070.0";"2.093462"
"117080.0";"2.114633"
"117090.0";"2.084747"
"117100.0";"2.045351"
"117110.0";"2.141964"
"117120.0";"2.083879"
"117130.0";"2.097366"
"117140.0";"2.171866"
"117150.0";"2.178143"
"117160.0";"2.037629"
"117170.0";"2.099815"
"117180.0";"2.173632"
"117190.0";"2.191627"
"117200.0";"2.295963"
"117210.0";"2.121078"
"117220.0";"2.131005"
"117230.0";"2.199919"
"117240.0";"2.056111"
"117250.0";"2.213443"
"117260.0";"2.073958"
"117270.0";"2.167476"
"117280.0";"2.065551"
"117290.0";"2.151956"
"117300.0";"2.126643"
"117310.0";"2.131756"
"117320.0";"2.082806"
"117330.0";"2.079372"
"117340.0";"2.247575"
"117350.0";"2.215841"
"117360.0";"2.131564"
"117370.0";"2.19513"
"117380.0";"2.066962"
"117390.0";"2.12195"
"117400.0";"2.038298"
"117410.0";"2.161021"
"117420.0";"2.129012"
"117430.0";"2.21579"
"117440.0";"2.171402"
"117450.0";"2.180328"
"117460.0";"2.228449"
"117470.0";"2.127311"
"117480.0";"2.220646"
"117490.0";"2.315013"
"117500.0";"2.237772"
"117510.0";"2.189399"
"117520.0";"2.218334"
"117530.0";"2.257232"
"117540.0";"2.299122"
"117550.0";"2.228066"
"117560.0";"2.263863"
"117570.0";"2.319874"
"117580.0";"2.291461"
"117590.0";"2.241983"
"117600.0";"2.291792"
"117610.0";"2.34429"
"117620.0";"2.293599"
"117630.0";"2.367279"
"117640.0";"2.234266"
"117650.0";"2.420879"
"117660.0";"2.357952"
"117670.0";"2.400436"
"117680.0";"2.370411"
"117690.0";"2.430706"
"117700.0";"2.31088"
"117710.0";"2.271909"
"117720.0";"2.283021"
"117730.0";"2.299506"
"117740.0";"2.392101"
"117750.0";"2.244302"
"117760.0";"2.405769"
"117770.0";"2.445035"
"117780.0";"2.412863"
"117790.0";"2.434302"
"117800.0";"2.338273"
"117810.0";"2.317601"
"117820.0";"2.276754"
"117830.0";"2.307116"
"117840.0";"2.262245"
"117850.0";"2.222334"
"117860.0";"2.174111"
"117870.0";"2.299514"
"117880.0";"2.192272"
"117890.0";"2.152949"
"117900.0";"2.151585"
"117910.0";"2.125889"
"117920.0";"2.085572"
"117930.0";"2.250582"
"117940.0";"2.053842"
"117950.0";"2.033565"
"117960.0";"2.042455"
"117970.0";"2.045973"
"117980.0";"2.141038"
"117990.0";"2.006156"
"118000.0";"2.125752"
"118010.0";"2.092247"
"118020.0";"2.171464"
"118030.0";"2.102483"
"118040.0";"2.105696"
"118050.0";"2.094429"
"118060.0";"2.0253"
"118070.0";"2.037225"
"118080.0";"2.043383"
"118090.0";"2.090992"
"118100.0";"2.046585"
"118110.0";"2.02711"
"118120.0";"2.064763"
"118130.0";"2.137764"
"118140.0";"2.048992"
"118150.0";"2.057743"
"118160.0";"2.064126"
"118170.0";"2.066602"
"118180.0";"2.087798"
"118190.0";"2.063576"
"118200.0";"2.059692"
"118210.0";"2.11515"
"118220.0";"2.071406"
"118230.0";"2.100682"
"118240.0";"2.107511"
"118250.0";"2.102909"
"118260.0";"2.059982"
"118270.0";"2.09624"
"118280.0";"2.109047"
"118290.0";"2.082499"
"118300.0";"2.022642"
"118310.0";"2.052188"
"118320.0";"2.058486"
"118330.0";"2.098214"
"118340.0";"2.059097"
"118350.0";"2.102285"
"118360.0";"2.040378"
"118370.0";"2.048157"
"118380.0";"2.046396"
"118390.0";"2.016461"
"118400.0";"2.087834"
"118410.0";"2.010452"
"118420.0";"2.022877"
"118430.0";"1.993646"
"118440.0";"1.960029"
"118450.0";"1.95314"
"118460.0";"2.057714"
"118470.0";"2.073874"
"118480.0";"2.05633"
"118490.0";"2.046869"
"118500.0";"2.004254"
"118510.0";"2.009108"
"118520.0";"2.022432"
"118530.0";"2.046932"
"118540.0";"2.035778"
"118550.0";"2.056433"
"118560.0";"2.051736"
"118570.0";"2.029464"
"118580.0";"2.020239"
"118590.0";"2.043399"
"118600.0";"2.027668"
"118610.0";"2.019945"
"118620.0";"1.949927"
"118630.0";"2.091669"
"118640.0";"2.07381"
"118650.0";"2.029701"
"118660.0";"2.06499"
"118670.0";"2.00031"
"118680.0";"2.005283"
"118690.0";"2.029625"
"118700.0";"2.093579"
"118710.0";"2.070966"
"118720.0";"2.05467"
"118730.0";"2.032323"
"118740.0";"2.024609"
"118750.0";"2.010011"
"118760.0";"2.061649"
"118770.0";"2.028209"
"118780.0";"2.09986"
"118790.0";"2.093789"
"118800.0";"2.051314"
"118810.0";"1.975044"
"118820.0";"2.076078"
"118830.0";"2.038632"
"118840.0";"2.064255"
"118850.0";"2.042143"
"118860.0";"2.111691"
"118870.0";"2.121602"
"118880.0";"2.052965"
"118890.0";"2.054783"
"118900.0";"2.038585"
"118910.0";"2.054231"
"118920.0";"2.082357"
"118930.0";"2.119817"
"118940.0";"2.096464"
"118950.0";"2.054597"
"118960.0";"2.068704"
"118970.0";"2.079353"
"118980.0";"2.000771"
"118990.0";"2.048024"
"119000.0";"2.088054"
"119010.0";"2.081095"
"119020.0";"2.137882"
"119030.0";"2.055193"
"119040.0";"2.07814"
"119050.0";"2.086645"
"119060.0";"2.052285"
"119070.0";"2.038106"
"119080.0";"2.020184"
"119090.0";"2.053529"
"119100.0";"2.152954"
"119110.0";"2.060665"
"119120.0";"1.994573"
"119130.0";"2.101238"
"119140.0";"2.096348"
"119150.0";"1.998088"
"119160.0";"2.089146"
"119170.0";"2.112422"
"119180.0";"2.057817"
"119190.0";"1.996359"
"119200.0";"2.092803"
"119210.0";"2.02653"
"119220.0";"2.092954"
"119230.0";"2.038381"
"119240.0";"2.110085"
"119250.0";"2.058481"
"119260.0";"2.117121"
"119270.0";"2.047915"
"119280.0";"2.038053"
"119290.0";"2.057832"
"119300.0";"2.045327"
"119310.0";"2.046659"
"119320.0";"2.075026"
"119330.0";"2.051933"
"119340.0";"2.071998"
"119350.0";"2.053453"
"119360.0";"1.944517"
"119370.0";"2.004955"
"119380.0";"2.024634"
"119390.0";"2.082186"
"119400.0";"2.067122"
"119410.0";"2.021116"
"119420.0";"2.104062"
"119430.0";"2.061655"
"119440.0";"2.034498"
"119450.0";"2.046303"
"119460.0";"2.064412"
"119470.0";"2.111839"
"119480.0";"2.068915"
"119490.0";"2.030625"
"119500.0";"2.012347"
"119510.0";"1.979975"
"119520.0";"2.009446"
"119530.0";"2.056867"
"119540.0";"1.977601"
"119550.0";"2.047894"
"119560.0";"1.990389"
"119570.0";"2.094848"
"119580.0";"2.109894"
"119590.0";"2.00705"
"119600.0";"2.000973"
"119610.0";"2.071927"
"119620.0";"1.995739"
"119630.0";"2.012891"
"119640.0";"1.996993"
"119650.0";"2.055847"
"119660.0";"2.126803"
"119670.0";"2.043865"
"119680.0";"2.069473"
"119690.0";"2.01631"
"119700.0";"2.036579"
"119710.0";"2.072823"
"119720.0";"2.016608"
"119730.0";"2.087739"
"119740.0";"2.060315"
"119750.0";"2.111492"
"119760.0";"2.103437"
"119770.0";"2.057861"
"119780.0";"2.005429"
"119790.0";"1.991737"
"119800.0";"2.14892"
"119810.0";"2.08346"
"119820.0";"2.108689"
"119830.0";"2.046101"
"119840.0";"2.079707"
"119850.0";"2.149083"
"119860.0";"2.081043"
"119870.0";"2.082154"
"119880.0";"2.050084"
"119890.0";"1.990715"
"119900.0";"2.052685"
"119910.0";"2.125206"
"119920.0";"2.03362"
"119930.0";"2.02543"
"119940.0";"2.065358"
"119950.0";"2.057959"
"119960.0";"2.034318"
"119970.0";"2.044162"
"119980.0";"2.050998"
"119990.0";"2.125672"
"120000.0";"2.02772"
"120010.0";"2.064859"
"120020.0";"2.070213"
"120030.0";"2.076071"
"120040.0";"2.066694"
"120050.0";"2.024774"
"120060.0";"2.133527"
"120070.0";"2.027465"
"120080.0";"2.042832"
"120090.0";"2.042942"
"120100.0";"2.077632"
"120110.0";"2.079452"
"120120.0";"2.063658"
"120130.0";"2.075104"
"120140.0";"2.023989"
"120150.0";"1.980104"
"120160.0";"2.023883"
"120170.0";"2.014319"
"120180.0";"1.996941"
"120190.0";"2.020134"
"120200.0";"2.031826"
"120210.0";"2.006378"
"120220.0";"2.045435"
"120230.0";"2.023798"
"120240.0";"2.020066"
"120250.0";"2.00825"
"120260.0";"2.04533"
"120270.0";"2.057317"
"120280.0";"2.065316"
"120290.0";"2.068092"
"120300.0";"2.013315"
"120310.0";"2.038442"
"120320.0";"2.022015"
"120330.0";"2.025259"
"120340.0";"2.101016"
"120350.0";"2.017134"
"120360.0";"2.038086"
"120370.0";"2.009591"
"120380.0";"2.102308"
"120390.0";"2.034671"
"120400.0";"2.065699"
"120410.0";"2.0656"
"120420.0";"2.050916"
"120430.0";"1.999606"
"120440.0";"2.066897"
"120450.0";"2.061209"
"120460.0";"2.001069"
"120470.0";"2.061352"
"120480.0";"2.031789"
"120490.0";"2.04877"
"120500.0";"1.973202"
"120510.0";"1.993353"
"120520.0";"1.989677"
"120530.0";"1.958486"
"120540.0";"1.942358"
"120550.0";"2.009013"
"120560.0";"1.94713"
"120570.0";"2.01239"
"120580.0";"1.958437"
"120590.0";"1.980547"
"120600.0";"2.020101"
"120610.0";"2.00297"
"120620.0";"2.00051"
"120630.0";"2.035811"
"120640.0";"2.102675"
"120650.0";"2.053345"
"120660.0";"2.103992"
"120670.0";"2.000508"
"120680.0";"2.034951"
"120690.0";"2.070129"
"120700.0";"2.068856"
"120710.0";"2.029454"
"120720.0";"2.038275"
"120730.0";"2.074539"
"120740.0";"2.031989"
"120750.0";"2.005496"
"120760.0";"2.050512"
"120770.0";"2.067716"
"120780.0";"2.052268"
"120790.0";"2.034655"
"120800.0";"1.988465"
"120810.0";"2.084427"
"120820.0";"2.062754"
"120830.0";"2.006515"
"120840.0";"2.007918"
"120850.0";"2.051826"
"120860.0";"2.020178"
"120870.0";"1.97484"
"120880.0";"2.040597"
"120890.0";"2.064508"
"120900.0";"2.011805"
"120910.0";"2.042608"
"120920.0";"2.038745"
"120930.0";"1.999496"
"120940.0";"2.034316"
"120950.0";"2.034515"
"120960.0";"2.043043"
"120970.0";"2.075286"
"120980.0";"2.014663"
"120990.0";"2.019075"
"121000.0";"2.052505"
"121010.0";"1.954834"
"121020.0";"2.045952"
"121030.0";"2.033262"
"121040.0";"1.987668"
"121050.0";"2.030625"
"121060.0";"1.970006"
"121070.0";"1.993216"
"121080.0";"2.035685"
"121090.0";"1.968436"
"121100.0";"2.022405"
"121110.0";"2.028445"
"121120.0";"2.011758"
"121130.0";"2.030332"
"121140.0";"2.003488"
"121150.0";"2.003981"
"121160.0";"2.064682"
"121170.0";"2.021807"
"121180.0";"2.016109"
"121190.0";"2.064203"
"121200.0";"2.000663"
"121210.0";"2.080493"
"121220.0";"2.040621"
"121230.0";"2.055882"
"121240.0";"2.01782"
"121250.0";"2.109306"
"121260.0";"2.090816"
"121270.0";"2.079739"
"121280.0";"1.966794"
"121290.0";"2.01154"
"121300.0";"2.067457"
"121310.0";"2.023779"
"121320.0";"2.089904"
"121330.0";"2.046936"
"121340.0";"2.058417"
"121350.0";"2.005641"
"121360.0";"2.096895"
"121370.0";"2.017053"
"121380.0";"2.048871"
"121390.0";"2.071647"
"121400.0";"2.051589"
"121410.0";"2.042233"
"121420.0";"2.006903"
"121430.0";"2.071622"
"121440.0";"2.073525"
"121450.0";"2.039326"
"121460.0";"2.024251"
"121470.0";"2.091754"
"121480.0";"2.032087"
"121490.0";"2.049907"
"121500.0";"2.044962"
"121510.0";"2.045103"
"121520.0";"2.004683"
"121530.0";"2.063227"
"121540.0";"2.024282"
"121550.0";"2.050659"
"121560.0";"2.055744"
"121570.0";"2.020787"
"121580.0";"1.995978"
"121590.0";"2.05643"
"121600.0";"2.049789"
"121610.0";"2.036036"
"121620.0";"2.00809"
"121630.0";"2.056763"
"121640.0";"1.983266"
"121650.0";"2.08593"
"121660.0";"2.030928"
"121670.0";"2.069875"
"121680.0";"2.044526"
"121690.0";"2.040223"
"121700.0";"1.965559"
"121710.0";"2.021351"
"121720.0";"2.009699"
"121730.0";"2.047577"
"121740.0";"2.052752"
"121750.0";"1.992887"
"121760.0";"2.033107"
"121770.0";"2.056693"
"121780.0";"2.033521"
"121790.0";"2.073826"
"121800.0";"2.017821"
"121810.0";"2.062974"
"121820.0";"2.018595"
"121830.0";"2.003648"
"121840.0";"1.9945"
"121850.0";"1.986605"
"121860.0";"2.016719"
"121870.0";"2.061213"
"121880.0";"1.999138"
"121890.0";"2.013797"
"121900.0";"2.005249"
"121910.0";"2.008852"
"121920.0";"1.981926"
"121930.0";"1.992036"
"121940.0";"1.950008"
"121950.0";"2.088697"
"121960.0";"2.073116"
"121970.0";"2.011679"
"121980.0";"2.053958"
"121990.0";"2.035421"
"122000.0";"2.064974"
"122010.0";"2.082865"
"122020.0";"2.039707"
"122030.0";"2.030948"
"122040.0";"2.072328"
"122050.0";"2.052417"
"122060.0";"2.079253"
"122070.0";"2.043384"
"122080.0";"2.044854"
"122090.0";"2.024084"
"122100.0";"1.945293"
"122110.0";"2.061582"
"122120.0";"1.996444"
"122130.0";"2.033568"
"122140.0";"2.053223"
"122150.0";"2.03311"
"122160.0";"2.017971"
"122170.0";"2.07036"
"122180.0";"2.060475"
"122190.0";"1.992316"
"122200.0";"2.056334"
"122210.0";"2.026113"
"122220.0";"2.013559"
"122230.0";"2.053937"
"122240.0";"2.027634"
"122250.0";"2.036678"
"122260.0";"2.054854"
"122270.0";"1.928289"
"122280.0";"2.064016"
"122290.0";"1.988224"
"122300.0";"2.026712"
"122310.0";"2.054974"
"122320.0";"2.017143"
"122330.0";"2.005924"
"122340.0";"2.123679"
"122350.0";"2.087191"
"122360.0";"2.072348"
"122370.0";"2.017936"
"122380.0";"2.047368"
"122390.0";"2.033147"
"122400.0";"2.017289"
"122410.0";"2.04635"
"122420.0";"2.061389"
"122430.0";"2.056133"
"122440.0";"2.062455"
"122450.0";"2.008074"
"122460.0";"2.005551"
"122470.0";"2.015179"
"122480.0";"1.978077"
"122490.0";"1.994844"
"122500.0";"2.056092"
"122510.0";"2.0286"
"122520.0";"2.094915"
"122530.0";"2.057355"
"122540.0";"2.028522"
"122550.0";"2.032304"
"122560.0";"1.989809"
"122570.0";"1.993057"
"122580.0";"1.996742"
"122590.0";"1.996893"
"122600.0";"1.987519"
"122610.0";"2.046768"
"122620.0";"2.067585"
"122630.0";"2.01383"
"122640.0";"2.023624"
"122650.0";"2.026021"
"122660.0";"2.077917"
"122670.0";"2.039548"
"122680.0";"2.080435"
"122690.0";"2.108693"
"122700.0";"2.025678"
"122710.0";"1.993224"
"122720.0";"2.091332"
"122730.0";"2.01385"
"122740.0";"2.069443"
"122750.0";"2.06032"
"122760.0";"2.010557"
"122770.0";"2.051393"
"122780.0";"2.107917"
"122790.0";"2.067963"
"122800.0";"2.056277"
"122810.0";"2.079354"
"122820.0";"2.06532"
"122830.0";"2.088984"
"122840.0";"2.022748"
"122850.0";"2.022431"
"122860.0";"2.089869"
"122870.0";"2.06949"
"122880.0";"2.054818"
"122890.0";"2.016953"
"122900.0";"2.042405"
"122910.0";"2.038182"
"122920.0";"1.982732"
"122930.0";"2.006624"
"122940.0";"2.015217"
"122950.0";"1.98959"
"122960.0";"1.992898"
"122970.0";"2.041837"
"122980.0";"2.039563"
"122990.0";"2.050515"
"123000.0";"2.10103"
"123010.0";"2.049456"
"123020.0";"2.035213"
"123030.0";"2.040913"
"123040.0";"2.055384"
"123050.0";"2.095264"
"123060.0";"2.045386"
"123070.0";"2.00483"
"123080.0";"2.002072"
"123090.0";"2.050916"
"123100.0";"2.084814"
"123110.0";"2.09875"
"123120.0";"2.083281"
"123130.0";"2.082751"
"123140.0";"2.143479"
"123150.0";"2.105584"
"123160.0";"2.109497"
"123170.0";"2.042894"
"123180.0";"2.087144"
"123190.0";"2.119388"
"123200.0";"2.102588"
"123210.0";"2.01142"
"123220.0";"1.98714"
"123230.0";"2.099647"
"123240.0";"2.138241"
"123250.0";"2.015954"
"123260.0";"1.997784"
"123270.0";"2.096855"
"123280.0";"2.071183"
"123290.0";"2.124233"
"123300.0";"2.059183"
"123310.0";"2.060708"
"123320.0";"2.076761"
"123330.0";"2.031645"
"123340.0";"2.018045"
"123350.0";"2.08656"
"123360.0";"2.105994"
"123370.0";"2.14784"
"123380.0";"2.157326"
"123390.0";"2.034675"
"123400.0";"2.086782"
"123410.0";"2.010137"
"123420.0";"2.098814"
"123430.0";"2.093891"
"123440.0";"2.078562"
"123450.0";"2.096794"
"123460.0";"2.133817"
"123470.0";"2.166935"
"123480.0";"2.10327"
"123490.0";"2.101795"
"123500.0";"2.149048"
"123510.0";"2.129718"
"123520.0";"2.151295"
"123530.0";"2.043188"
"123540.0";"2.194941"
"123550.0";"2.156261"
"123560.0";"2.152586"
"123570.0";"2.136392"
"123580.0";"2.057356"
"123590.0";"2.104603"
"123600.0";"2.048141"
"123610.0";"2.100995"
"123620.0";"2.148355"
"123630.0";"2.136579"
"123640.0";"2.082652"
"123650.0";"2.066589"
"123660.0";"2.051858"
"123670.0";"2.064811"
"123680.0";"2.133646"
"123690.0";"2.105969"
"123700.0";"2.079622"
"123710.0";"2.018814"
"123720.0";"2.004122"
"123730.0";"2.120224"
"123740.0";"2.118403"
"123750.0";"2.085167"
"123760.0";"2.062188"
"123770.0";"2.048258"
"123780.0";"2.083108"
"123790.0";"2.06786"
"123800.0";"2.126765"
"123810.0";"2.065147"
"123820.0";"2.180635"
"123830.0";"2.103593"
"123840.0";"2.058342"
"123850.0";"2.135025"
"123860.0";"2.114889"
"123870.0";"2.048844"
"123880.0";"2.095249"
"123890.0";"2.081625"
"123900.0";"2.095483"
"123910.0";"2.093319"
"123920.0";"2.087395"
"123930.0";"2.072763"
"123940.0";"2.121525"
"123950.0";"2.073554"
"123960.0";"2.14973"
"123970.0";"2.086165"
"123980.0";"2.106197"
"123990.0";"2.142224"
"124000.0";"2.143079"
"124010.0";"2.196877"
"124020.0";"2.145222"
"124030.0";"2.13346"
"124040.0";"2.09109"
"124050.0";"2.106975"
"124060.0";"2.086559"
"124070.0";"2.122918"
"124080.0";"2.133584"
"124090.0";"2.174645"
"124100.0";"2.14408"
"124110.0";"2.170046"
"124120.0";"2.118468"
"124130.0";"2.200724"
"124140.0";"2.158248"
"124150.0";"2.176546"
"124160.0";"2.222021"
"124170.0";"2.045059"
"124180.0";"2.212285"
"124190.0";"2.183594"
"124200.0";"2.263827"
"124210.0";"2.303551"
"124220.0";"2.270511"
"124230.0";"2.285376"
"124240.0";"2.196263"
"124250.0";"2.166255"
"124260.0";"2.16315"
"124270.0";"2.11597"
"124280.0";"2.177616"
"124290.0";"2.150736"
"124300.0";"2.167252"
"124310.0";"2.123863"
"124320.0";"2.055367"
"124330.0";"2.108756"
"124340.0";"2.02521"
"124350.0";"2.067646"
"124360.0";"2.102536"
"124370.0";"2.090589"
"124380.0";"2.102253"
"124390.0";"2.163079"
"124400.0";"2.092745"
"124410.0";"2.134718"
"124420.0";"2.099511"
"124430.0";"2.079415"
"124440.0";"2.112538"
"124450.0";"2.109102"
"124460.0";"2.127328"
"124470.0";"2.150871"
"124480.0";"2.060635"
"124490.0";"1.980579"
"124500.0";"2.057225"
"124510.0";"2.053535"
"124520.0";"2.08454"
"124530.0";"2.039614"
"124540.0";"1.993598"
"124550.0";"1.992053"
"124560.0";"2.069528"
"124570.0";"2.036598"
"124580.0";"2.027776"
"124590.0";"2.030714"
"124600.0";"2.059764"
"124610.0";"1.982275"
"124620.0";"2.066972"
"124630.0";"2.033875"
"124640.0";"1.989725"
"124650.0";"2.023443"
"124660.0";"2.059186"
"124670.0";"1.955369"
"124680.0";"2.060668"
"124690.0";"2.037307"
"124700.0";"2.033267"
"124710.0";"2.092535"
"124720.0";"2.116268"
"124730.0";"2.079048"
"124740.0";"2.106691"
"124750.0";"2.151318"
"124760.0";"2.078676"
"124770.0";"2.008613"
"124780.0";"2.06124"
"124790.0";"2.103856"
"124800.0";"2.114186"
"124810.0";"2.121585"
"124820.0";"2.1328"
"124830.0";"2.096503"
"124840.0";"2.127685"
"124850.0";"2.157292"
"124860.0";"2.140005"
"124870.0";"2.197688"
"124880.0";"2.139057"
"124890.0";"2.170853"
"124900.0";"2.038606"
"124910.0";"1.971158"
"124920.0";"2.00532"
"124930.0";"2.031425"
"124940.0";"1.943649"
"124950.0";"2.086492"
"124960.0";"2.09162"
"124970.0";"2.142768"
"124980.0";"2.157508"
"124990.0";"2.056249"
"125000.0";"2.080646"
"125010.0";"2.080707"
"125020.0";"2.079633"
"125030.0";"2.1397"
"125040.0";"2.141176"
"125050.0";"2.029261"
"125060.0";"2.125784"
"125070.0";"2.07473"
"125080.0";"2.015214"
"125090.0";"2.144099"
"125100.0";"2.103766"
"125110.0";"2.14167"
"125120.0";"2.111411"
"125130.0";"2.087389"
"125140.0";"2.072869"
"125150.0";"2.11779"
"125160.0";"2.049655"
"125170.0";"2.083289"
"125180.0";"2.056364"
"125190.0";"2.036044"
"125200.0";"2.058035"
"125210.0";"2.096002"
"125220.0";"2.038857"
"125230.0";"2.048392"
"125240.0";"2.097696"
"125250.0";"2.015891"
"125260.0";"2.077441"
"125270.0";"2.078297"
"125280.0";"2.061982"
"125290.0";"2.049186"
"125300.0";"2.038804"
"125310.0";"2.123644"
"125320.0";"2.109949"
"125330.0";"2.126172"
"125340.0";"2.148536"
"125350.0";"2.052361"
"125360.0";"2.109603"
"125370.0";"2.038725"
"125380.0";"2.054693"
"125390.0";"1.986896"
"125400.0";"2.00236"
"125410.0";"2.061021"
"125420.0";"2.108572"
"125430.0";"2.032448"
"125440.0";"2.087338"
"125450.0";"2.146777"
"125460.0";"2.178305"
"125470.0";"2.119202"
"125480.0";"2.177324"
"125490.0";"2.186922"
"125500.0";"2.111585"
"125510.0";"2.078984"
"125520.0";"2.095771"
"125530.0";"2.145707"
"125540.0";"2.072073"
"125550.0";"2.191333"
"125560.0";"2.141906"
"125570.0";"2.117263"
"125580.0";"2.040801"
"125590.0";"2.076627"
"125600.0";"2.038841"
"125610.0";"2.005255"
"125620.0";"2.092723"
"125630.0";"2.102148"
"125640.0";"2.173386"
"125650.0";"2.11769"
"125660.0";"2.06927"
"125670.0";"2.039954"
"125680.0";"2.147081"
"125690.0";"2.077358"
"125700.0";"2.117141"
"125710.0";"2.140598"
"125720.0";"2.079381"
"125730.0";"2.077079"
"125740.0";"2.048969"
"125750.0";"2.078706"
"125760.0";"2.089486"
"125770.0";"2.112765"
"125780.0";"2.118165"
"125790.0";"2.103394"
"125800.0";"2.069557"
"125810.0";"2.085658"
"125820.0";"2.085033"
"125830.0";"2.069336"
"125840.0";"2.10222"
"125850.0";"2.034606"
"125860.0";"2.080931"
"125870.0";"2.095222"
"125880.0";"2.118271"
"125890.0";"2.100637"
"125900.0";"2.070803"
"125910.0";"2.097073"
"125920.0";"2.095757"
"125930.0";"2.082461"
"125940.0";"2.105549"
"125950.0";"2.020848"
"125960.0";"2.138091"
"125970.0";"2.064756"
"125980.0";"2.057825"
"125990.0";"2.089606"
"126000.0";"2.120265"
"126010.0";"2.138006"
"126020.0";"2.139759"
"126030.0";"2.071702"
"126040.0";"2.098283"
"126050.0";"2.086924"
"126060.0";"2.112283"
"126070.0";"2.143077"
"126080.0";"2.10396"
"126090.0";"2.072562"
"126100.0";"2.168606"
"126110.0";"2.110049"
"126120.0";"2.108091"
"126130.0";"2.070139"
"126140.0";"2.084547"
"126150.0";"2.119856"
"126160.0";"2.140265"
"126170.0";"2.061395"
"126180.0";"2.093369"
"126190.0";"2.105967"
"126200.0";"2.112703"
"126210.0";"2.165868"
"126220.0";"2.176527"
"126230.0";"2.145115"
"126240.0";"2.076725"
"126250.0";"2.095583"
"126260.0";"2.132488"
"126270.0";"2.118768"
"126280.0";"2.050631"
"126290.0";"2.115851"
"126300.0";"2.103391"
"126310.0";"2.097529"
"126320.0";"2.150905"
"126330.0";"2.087275"
"126340.0";"2.110039"
"126350.0";"2.058839"
"126360.0";"2.114552"
"126370.0";"2.125002"
"126380.0";"2.00821"
"126390.0";"2.115294"
"126400.0";"2.090914"
"126410.0";"2.142395"
"126420.0";"2.115935"
"126430.0";"2.083804"
"126440.0";"2.15151"
"126450.0";"2.15143"
"126460.0";"2.151958"
"126470.0";"2.089109"
"126480.0";"2.118078"
"126490.0";"2.08537"
"126500.0";"2.105882"
"126510.0";"2.070442"
"126520.0";"2.049357"
"126530.0";"2.028328"
"126540.0";"2.132795"
"126550.0";"2.117657"
"126560.0";"2.222673"
"126570.0";"2.126112"
"126580.0";"2.063013"
"126590.0";"2.066474"
"126600.0";"1.991622"
"126610.0";"2.035645"
"126620.0";"2.066921"
"126630.0";"2.070561"
"126640.0";"2.312459"
"126650.0";"2.219363"
"126660.0";"2.303909"
"126670.0";"2.098165"
"126680.0";"2.147371"
"126690.0";"2.105385"
"126700.0";"2.352146"
"126710.0";"2.254684"
"126720.0";"2.259836"
"126730.0";"2.269526"
"126740.0";"2.219695"
"126750.0";"2.211382"
"126760.0";"2.336311"
"126770.0";"2.279166"
"126780.0";"2.356508"
"126790.0";"2.304282"
"126800.0";"2.195176"
"126810.0";"2.255825"
"126820.0";"2.231205"
"126830.0";"2.121994"
"126840.0";"2.209747"
"126850.0";"2.191758"
"126860.0";"2.272524"
"126870.0";"2.266316"
"126880.0";"2.245285"
"126890.0";"2.300811"
"126900.0";"2.215896"
"126910.0";"2.157097"
"126920.0";"2.239161"
"126930.0";"2.204143"
"126940.0";"2.180589"
"126950.0";"2.154248"
"126960.0";"2.215268"
"126970.0";"2.272232"
"126980.0";"2.229158"
"126990.0";"2.356948"
"127000.0";"2.26959"
"127010.0";"2.345639"
"127020.0";"2.254458"
"127030.0";"2.158144"
"127040.0";"2.112134"
"127050.0";"2.12446"
"127060.0";"2.16341"
"127070.0";"2.206517"
"127080.0";"2.190132"
"127090.0";"2.17494"
"127100.0";"2.290039"
"127110.0";"2.231837"
"127120.0";"2.216403"
"127130.0";"2.261929"
"127140.0";"2.214988"
"127150.0";"2.247673"
"127160.0";"2.254246"
"127170.0";"2.301457"
"127180.0";"2.302291"
"127190.0";"2.206645"
"127200.0";"2.230928"
"127210.0";"2.161179"
"127220.0";"2.065339"
"127230.0";"2.122148"
"127240.0";"2.162414"
"127250.0";"2.26241"
"127260.0";"2.199092"
"127270.0";"2.190677"
"127280.0";"2.341456"
"127290.0";"2.402589"
"127300.0";"2.365175"
"127310.0";"2.373985"
"127320.0";"2.42335"
"127330.0";"2.17492"
"127340.0";"2.120869"
"127350.0";"2.187866"
"127360.0";"2.312605"
"127370.0";"2.273109"
"127380.0";"2.197412"
"127390.0";"2.217554"
"127400.0";"2.298531"
"127410.0";"2.384921"
"127420.0";"2.421054"
"127430.0";"2.435552"
"127440.0";"2.370527"
"127450.0";"2.106556"
"127460.0";"2.184633"
"127470.0";"2.087691"
"127480.0";"2.08766"
"127490.0";"2.03123"
"127500.0";"2.006977"
"127510.0";"2.002304"
"127520.0";"2.021521"
"127530.0";"2.028972"
"127540.0";"2.120128"
"127550.0";"2.142709"
"127560.0";"2.137233"
"127570.0";"2.130611"
"127580.0";"2.076512"
"127590.0";"2.196985"
"127600.0";"2.242398"
"127610.0";"2.29726"
"127620.0";"2.450872"
"127630.0";"2.344748"
"127640.0";"2.374393"
"127650.0";"2.311204"
"127660.0";"2.387683"
"127670.0";"2.420938"
"127680.0";"2.388172"
"127690.0";"2.307057"
"127700.0";"2.359638"
"127710.0";"2.373638"
"127720.0";"2.423101"
"127730.0";"2.257756"
"127740.0";"2.524379"
"127750.0";"2.378851"
"127760.0";"2.414865"
"127770.0";"2.456613"
"127780.0";"2.521102"
"127790.0";"2.317317"
"127800.0";"2.44837"
"127810.0";"2.44735"
"127820.0";"2.428042"
"127830.0";"2.518832"
"127840.0";"2.682682"
"127850.0";"2.632868"
"127860.0";"2.647586"
"127870.0";"2.435466"
"127880.0";"2.521595"
"127890.0";"2.472977"
"127900.0";"2.622647"
"127910.0";"2.380976"
"127920.0";"2.375972"
"127930.0";"2.308474"
"127940.0";"2.345482"
"127950.0";"2.178546"
"127960.0";"2.265591"
"127970.0";"2.122923"
"127980.0";"2.113717"
"127990.0";"2.055884"
"128000.0";"2.045297"
"128010.0";"2.197232"
"128020.0";"2.385773"
"128030.0";"2.279547"
"128040.0";"2.220429"
"128050.0";"2.352448"
"128060.0";"2.12744"
"128070.0";"2.15965"
"128080.0";"2.193246"
"128090.0";"2.270494"
"128100.0";"2.33361"
"128110.0";"2.231267"
"128120.0";"2.228099"
"128130.0";"2.476437"
"128140.0";"2.354447"
"128150.0";"2.327054"
"128160.0";"2.236791"
"128170.0";"2.293442"
"128180.0";"2.181311"
"128190.0";"2.443799"
"128200.0";"2.357976"
"128210.0";"2.219526"
"128220.0";"2.292507"
"128230.0";"2.372358"
"128240.0";"2.333614"
"128250.0";"2.356331"
"128260.0";"2.295601"
"128270.0";"2.208943"
"128280.0";"2.050722"
"128290.0";"2.145899"
"128300.0";"2.377155"
"128310.0";"2.291372"
"128320.0";"2.288934"
"128330.0";"2.280341"
"128340.0";"2.241995"
"128350.0";"2.155116"
"128360.0";"2.233656"
"128370.0";"2.164865"
"128380.0";"2.213751"
"128390.0";"2.125816"
"128400.0";"2.022032"
"128410.0";"2.092667"
"128420.0";"2.157439"
"128430.0";"2.17002"
"128440.0";"2.030099"
"128450.0";"2.039392"
"128460.0";"2.212222"
"128470.0";"2.148058"
"128480.0";"2.297056"
"128490.0";"2.247399"
"128500.0";"2.340453"
"128510.0";"2.397891"
"128520.0";"2.468265"
"128530.0";"2.431139"
"128540.0";"2.408156"
"128550.0";"2.375651"
"128560.0";"2.435035"
"128570.0";"2.531328"
"128580.0";"2.30333"
"128590.0";"2.355157"
"128600.0";"2.321857"
"128610.0";"2.404945"
"128620.0";"2.539471"
"128630.0";"2.511987"
"128640.0";"2.394587"
"128650.0";"2.358383"
"128660.0";"2.241905"
"128670.0";"2.375652"
"128680.0";"2.585449"
"128690.0";"2.672015"
"128700.0";"2.653957"
"128710.0";"2.589347"
"128720.0";"2.518288"
"128730.0";"2.40773"
"128740.0";"2.410137"
"128750.0";"2.432193"
"128760.0";"2.498411"
"128770.0";"2.30723"
"128780.0";"2.258968"
"128790.0";"2.309998"
"128800.0";"2.400919"
"128810.0";"2.265354"
"128820.0";"2.205507"
"128830.0";"2.282569"
"128840.0";"2.339566"
"128850.0";"2.341704"
"128860.0";"2.387196"
"128870.0";"2.413802"
"128880.0";"2.420745"
"128890.0";"2.392378"
"128900.0";"2.405957"
"128910.0";"2.443619"
"128920.0";"2.404172"
"128930.0";"2.530665"
"128940.0";"2.569912"
"128950.0";"2.401881"
"128960.0";"2.386707"
"128970.0";"2.341786"
"128980.0";"2.402194"
"128990.0";"2.415364"
"129000.0";"2.346158"
"129010.0";"2.296282"
"129020.0";"2.34505"
"129030.0";"2.316746"
"129040.0";"2.441106"
"129050.0";"2.33808"
"129060.0";"2.16251"
"129070.0";"2.160934"
"129080.0";"2.198702"
"129090.0";"2.219079"
"129100.0";"2.11312"
"129110.0";"2.296988"
"129120.0";"2.22079"
"129130.0";"2.293345"
"129140.0";"2.358477"
"129150.0";"2.40108"
"129160.0";"2.16187"
"129170.0";"2.182196"
"129180.0";"2.432284"
"129190.0";"2.353492"
"129200.0";"2.335846"
"129210.0";"2.271981"
"129220.0";"2.120318"
"129230.0";"2.105554"
"129240.0";"2.155209"
"129250.0";"2.182206"
"129260.0";"2.250595"
"129270.0";"2.288563"
"129280.0";"2.394158"
"129290.0";"2.172618"
"129300.0";"2.288275"
"129310.0";"2.341163"
"129320.0";"2.331808"
"129330.0";"2.367945"
"129340.0";"2.288475"
"129350.0";"2.304164"
"129360.0";"2.260951"
"129370.0";"2.247176"
"129380.0";"2.302972"
"129390.0";"2.28653"
"129400.0";"2.273852"
"129410.0";"2.388156"
"129420.0";"2.443397"
"129430.0";"2.476545"
"129440.0";"2.473151"
"129450.0";"2.41439"
"129460.0";"2.443876"
"129470.0";"2.291812"
"129480.0";"2.352942"
"129490.0";"2.258932"
"129500.0";"2.296687"
"129510.0";"2.23356"
"129520.0";"2.236929"
"129530.0";"2.341365"
"129540.0";"2.26849"
"129550.0";"2.204976"
"129560.0";"2.341185"
"129570.0";"2.293149"
"129580.0";"2.300143"
"129590.0";"2.215197"
"129600.0";"2.300439"
"129610.0";"2.226197"
"129620.0";"2.280535"
"129630.0";"2.222002"
"129640.0";"2.23397"
"129650.0";"2.288847"
"129660.0";"2.24011"
"129670.0";"2.194934"
"129680.0";"2.283091"
"129690.0";"2.279771"
"129700.0";"2.283901"
"129710.0";"2.249789"
"129720.0";"2.265695"
"129730.0";"2.235493"
"129740.0";"2.139261"
"129750.0";"2.202921"
"129760.0";"2.247302"
"129770.0";"2.276974"
"129780.0";"2.274968"
"129790.0";"2.264634"
"129800.0";"2.301013"
"129810.0";"2.187301"
"129820.0";"2.293558"
"129830.0";"2.209645"
"129840.0";"2.289179"
"129850.0";"2.306772"
"129860.0";"2.309335"
"129870.0";"2.388261"
"129880.0";"2.297889"
"129890.0";"2.309798"
"129900.0";"2.343894"
"129910.0";"2.285332"
"129920.0";"2.364097"
"129930.0";"2.191895"
"129940.0";"2.172496"
"129950.0";"2.243895"
"129960.0";"2.267064"
"129970.0";"2.225041"
"129980.0";"2.313402"
"129990.0";"2.313556"
"130000.0";"2.267582"
"130010.0";"2.142304"
"130020.0";"2.267841"
"130030.0";"2.320998"
"130040.0";"2.290927"
"130050.0";"1.99982"
"130060.0";"2.155761"
"130070.0";"2.183331"
"130080.0";"2.259391"
"130090.0";"2.226847"
"130100.0";"2.398267"
"130110.0";"2.188277"
"130120.0";"2.12243"
"130130.0";"2.204018"
"130140.0";"2.15403"
"130150.0";"2.190892"
"130160.0";"2.157144"
"130170.0";"2.20449"
"130180.0";"2.255043"
"130190.0";"2.17463"
"130200.0";"2.171642"
"130210.0";"2.19538"
"130220.0";"2.177449"
"130230.0";"2.175809"
"130240.0";"2.197029"
"130250.0";"2.231092"
"130260.0";"2.223723"
"130270.0";"2.206033"
"130280.0";"2.204441"
"130290.0";"2.260608"
"130300.0";"2.24506"
"130310.0";"2.171987"
"130320.0";"2.127771"
"130330.0";"2.089076"
"130340.0";"2.116561"
"130350.0";"2.059367"
"130360.0";"2.061342"
"130370.0";"2.101669"
"130380.0";"2.152885"
"130390.0";"2.165573"
"130400.0";"2.118139"
"130410.0";"2.193347"
"130420.0";"2.267824"
"130430.0";"2.334055"
"130440.0";"2.442056"
"130450.0";"2.440986"
"130460.0";"2.340278"
"130470.0";"2.4113"
"130480.0";"2.398456"
"130490.0";"2.412108"
"130500.0";"2.387229"
"130510.0";"2.461875"
"130520.0";"2.31313"
"130530.0";"2.278534"
"130540.0";"2.405176"
"130550.0";"2.295414"
"130560.0";"2.391538"
"130570.0";"2.424627"
"130580.0";"2.393288"
"130590.0";"2.476425"
"130600.0";"2.5913"
"130610.0";"2.738161"
"130620.0";"2.744515"
"130630.0";"2.720534"
"130640.0";"2.765293"
"130650.0";"2.708415"
"130660.0";"2.71335"
"130670.0";"2.479668"
"130680.0";"2.327511"
"130690.0";"2.358519"
"130700.0";"2.380554"
"130710.0";"2.44196"
"130720.0";"2.368013"
"130730.0";"2.315457"
"130740.0";"2.279511"
"130750.0";"2.246014"
"130760.0";"2.216219"
"130770.0";"2.185701"
"130780.0";"2.222137"
"130790.0";"2.442598"
"130800.0";"2.320048"
"130810.0";"2.451818"
"130820.0";"2.468668"
"130830.0";"2.281448"
"130840.0";"2.252402"
"130850.0";"2.406836"
"130860.0";"2.427166"
"130870.0";"2.558485"
"130880.0";"2.621808"
"130890.0";"2.61274"
"130900.0";"2.62632"
"130910.0";"2.541526"
"130920.0";"2.599219"
"130930.0";"2.593081"
"130940.0";"2.500479"
"130950.0";"2.59589"
"130960.0";"2.549561"
"130970.0";"2.698882"
"130980.0";"2.613395"
"130990.0";"2.546459"
"131000.0";"2.52549"
"131010.0";"2.486779"
"131020.0";"2.595482"
"131030.0";"2.506699"
"131040.0";"2.286095"
"131050.0";"2.291006"
"131060.0";"2.375118"
"131070.0";"2.553047"
"131080.0";"2.410288"
"131090.0";"2.291804"
"131100.0";"2.290885"
"131110.0";"2.343034"
"131120.0";"2.402654"
"131130.0";"2.276628"
"131140.0";"2.218268"
"131150.0";"2.199991"
"131160.0";"2.238136"
"131170.0";"2.23096"
"131180.0";"2.277525"
"131190.0";"2.28592"
"131200.0";"2.271864"
"131210.0";"2.398287"
"131220.0";"2.225292"
"131230.0";"2.398005"
"131240.0";"2.408595"
"131250.0";"2.411208"
"131260.0";"2.411684"
"131270.0";"2.389795"
"131280.0";"2.386946"
"131290.0";"2.326138"
"131300.0";"2.331833"
"131310.0";"2.344874"
"131320.0";"2.335391"
"131330.0";"2.354771"
"131340.0";"2.249491"
"131350.0";"2.270405"
"131360.0";"2.346601"
"131370.0";"2.225074"
"131380.0";"2.200602"
"131390.0";"2.266117"
"131400.0";"2.287079"
"131410.0";"2.255635"
"131420.0";"2.27592"
"131430.0";"2.240219"
"131440.0";"2.238445"
"131450.0";"2.223141"
"131460.0";"2.279648"
"131470.0";"2.27877"
"131480.0";"2.253415"
"131490.0";"2.164315"
"131500.0";"2.411599"
"131510.0";"2.297651"
"131520.0";"2.327508"
"131530.0";"2.130195"
"131540.0";"2.233696"
"131550.0";"2.242017"
"131560.0";"2.22838"
"131570.0";"2.173124"
"131580.0";"2.235178"
"131590.0";"2.240289"
"131600.0";"2.192693"
"131610.0";"2.222298"
"131620.0";"2.157214"
"131630.0";"2.194924"
"131640.0";"2.142205"
"131650.0";"2.216401"
"131660.0";"2.14777"
"131670.0";"2.090408"
"131680.0";"2.211204"
"131690.0";"2.130898"
"131700.0";"2.158972"
"131710.0";"2.139504"
"131720.0";"2.08389"
"131730.0";"1.992594"
"131740.0";"2.031656"
"131750.0";"2.078466"
"131760.0";"2.097193"
"131770.0";"2.08748"
"131780.0";"2.005405"
"131790.0";"2.090976"
"131800.0";"2.200144"
"131810.0";"2.227639"
"131820.0";"2.232726"
"131830.0";"2.04952"
"131840.0";"2.143493"
"131850.0";"2.042947"
"131860.0";"1.969115"
"131870.0";"2.004821"
"131880.0";"1.941562"
"131890.0";"1.926709"
"131900.0";"1.9208"
"131910.0";"1.935971"
"131920.0";"1.950058"
"131930.0";"2.013911"
"131940.0";"1.978313"
"131950.0";"2.087107"
"131960.0";"2.048279"
"131970.0";"2.124287"
"131980.0";"2.002795"
"131990.0";"2.014512"
"132000.0";"2.008972"
"132010.0";"1.960611"
"132020.0";"2.042543"
"132030.0";"2.041417"
"132040.0";"2.026048"
"132050.0";"2.058204"
"132060.0";"2.097859"
"132070.0";"1.962603"
"132080.0";"2.067253"
"132090.0";"2.139946"
"132100.0";"2.078966"
"132110.0";"2.080799"
"132120.0";"2.015037"
"132130.0";"2.001578"
"132140.0";"1.931381"
"132150.0";"2.01564"
"132160.0";"2.057154"
"132170.0";"1.977431"
"132180.0";"2.013558"
"132190.0";"2.045825"
"132200.0";"2.049004"
"132210.0";"2.037111"
"132220.0";"2.027485"
"132230.0";"2.016893"
"132240.0";"2.053257"
"132250.0";"2.034668"
"132260.0";"2.049018"
"132270.0";"1.989928"
"132280.0";"2.000964"
"132290.0";"2.039694"
"132300.0";"2.058173"
"132310.0";"2.013237"
"132320.0";"2.003649"
"132330.0";"2.059361"
"132340.0";"2.002226"
"132350.0";"2.080078"
"132360.0";"2.026783"
"132370.0";"2.008822"
"132380.0";"2.063251"
"132390.0";"2.085769"
"132400.0";"2.053572"
"132410.0";"2.03591"
"132420.0";"2.051348"
"132430.0";"2.041476"
"132440.0";"2.06191"
"132450.0";"2.072897"
"132460.0";"2.090353"
"132470.0";"2.136094"
"132480.0";"2.045354"
"132490.0";"2.071616"
"132500.0";"2.025724"
"132510.0";"2.111405"
"132520.0";"2.085461"
"132530.0";"2.042073"
"132540.0";"2.063994"
"132550.0";"2.047959"
"132560.0";"2.049842"
"132570.0";"2.067717"
"132580.0";"1.987388"
"132590.0";"2.064439"
"132600.0";"1.977726"
"132610.0";"2.002222"
"132620.0";"2.014315"
"132630.0";"2.027858"
"132640.0";"2.07828"
"132650.0";"2.066918"
"132660.0";"2.038618"
"132670.0";"2.076352"
"132680.0";"2.069703"
"132690.0";"2.105596"
"132700.0";"2.111347"
"132710.0";"2.04178"
"132720.0";"2.05164"
"132730.0";"2.038445"
"132740.0";"2.107626"
"132750.0";"2.148617"
"132760.0";"2.053626"
"132770.0";"2.034391"
"132780.0";"2.005493"
"132790.0";"2.060061"
"132800.0";"2.019382"
"132810.0";"1.998636"
"132820.0";"1.972246"
"132830.0";"2.075307"
"132840.0";"2.039861"
"132850.0";"2.117549"
"132860.0";"2.146557"
"132870.0";"2.139687"
"132880.0";"2.097607"
"132890.0";"2.114579"
"132900.0";"2.048663"
"132910.0";"2.011122"
"132920.0";"2.0381"
"132930.0";"2.080607"
"132940.0";"2.068238"
"132950.0";"2.081646"
"132960.0";"2.053312"
"132970.0";"2.046309"
"132980.0";"2.012362"
"132990.0";"2.087066"
"133000.0";"2.064445"
"133010.0";"2.054153"
"133020.0";"2.108341"
"133030.0";"2.073028"
"133040.0";"2.177089"
"133050.0";"2.107001"
"133060.0";"2.006407"
"133070.0";"1.988262"
"133080.0";"1.946084"
"133090.0";"2.071372"
"133100.0";"2.024117"
"133110.0";"2.022071"
"133120.0";"2.040553"
"133130.0";"2.023248"
"133140.0";"2.024629"
"133150.0";"1.992103"
"133160.0";"2.096674"
"133170.0";"2.056115"
"133180.0";"2.049152"
"133190.0";"2.040411"
"133200.0";"1.978099"
"133210.0";"2.016739"
"133220.0";"2.047681"
"133230.0";"2.043277"
"133240.0";"2.039091"
"133250.0";"2.033865"
"133260.0";"2.014258"
"133270.0";"2.042494"
"133280.0";"2.011476"
"133290.0";"1.990632"
"133300.0";"2.014233"
"133310.0";"2.055755"
"133320.0";"1.989757"
"133330.0";"1.933778"
"133340.0";"1.957689"
"133350.0";"1.98395"
"133360.0";"1.906677"
"133370.0";"1.905159"
"133380.0";"2.043209"
"133390.0";"1.924357"
"133400.0";"1.971274"
"133410.0";"1.96579"
"133420.0";"2.004868"
"133430.0";"2.013849"
"133440.0";"1.922994"
"133450.0";"2.002952"
"133460.0";"2.009612"
"133470.0";"2.027813"
"133480.0";"2.032511"
"133490.0";"2.017"
"133500.0";"2.017377"
"133510.0";"1.972125"
"133520.0";"1.987647"
"133530.0";"2.012554"
"133540.0";"1.999157"
"133550.0";"2.016075"
"133560.0";"2.026967"
"133570.0";"1.984039"
"133580.0";"2.0344"
"133590.0";"2.023138"
"133600.0";"1.916286"
"133610.0";"1.909334"
"133620.0";"2.07045"
"133630.0";"1.949705"
"133640.0";"1.981833"
"133650.0";"1.907536"
"133660.0";"1.877123"
"133670.0";"1.849868"
"133680.0";"1.922777"
"133690.0";"2.015802"
"133700.0";"2.014538"
"133710.0";"1.841137"
"133720.0";"1.863128"
"133730.0";"1.935145"
"133740.0";"1.962794"
"133750.0";"2.053615"
"133760.0";"1.906745"
"133770.0";"2.005671"
"133780.0";"2.006418"
"133790.0";"1.994634"
"133800.0";"1.874794"
"133810.0";"1.985304"
"133820.0";"2.016913"
"133830.0";"2.123008"
"133840.0";"2.14043"
"133850.0";"1.939168"
"133860.0";"1.944056"
"133870.0";"2.042742"
"133880.0";"2.096497"
"133890.0";"2.076128"
"133900.0";"2.038318"
"133910.0";"1.953193"
"133920.0";"2.028354"
"133930.0";"1.910857"
"133940.0";"2.004565"
"133950.0";"2.022741"
"133960.0";"2.044604"
"133970.0";"1.946526"
"133980.0";"2.094126"
"133990.0";"2.048463"
"134000.0";"2.014588"
"134010.0";"2.073209"
"134020.0";"2.006003"
"134030.0";"1.951656"
"134040.0";"1.981273"
"134050.0";"1.929978"
"134060.0";"1.952615"
"134070.0";"2.012666"
"134080.0";"2.064214"
"134090.0";"2.044612"
"134100.0";"2.074871"
"134110.0";"2.021117"
"134120.0";"1.979542"
"134130.0";"1.948345"
"134140.0";"1.938223"
"134150.0";"1.935681"
"134160.0";"1.942396"
"134170.0";"1.942922"
"134180.0";"1.922794"
"134190.0";"2.112536"
"134200.0";"2.017892"
"134210.0";"2.038591"
"134220.0";"1.99199"
"134230.0";"2.057513"
"134240.0";"1.953955"
"134250.0";"1.94681"
"134260.0";"1.993231"
"134270.0";"2.037525"
"134280.0";"2.115644"
"134290.0";"2.046194"
"134300.0";"1.960197"
"134310.0";"1.998875"
"134320.0";"1.958758"
"134330.0";"2.003803"
"134340.0";"2.018259"
"134350.0";"2.038203"
"134360.0";"1.969321"
"134370.0";"1.879389"
"134380.0";"2.022126"
"134390.0";"1.977168"
"134400.0";"2.055993"
"134410.0";"2.044175"
"134420.0";"1.953158"
"134430.0";"1.96246"
"134440.0";"2.070916"
"134450.0";"2.027411"
"134460.0";"1.946497"
"134470.0";"2.050529"
"134480.0";"1.940657"
"134490.0";"1.959223"
"134500.0";"1.962023"
"134510.0";"1.932175"
"134520.0";"1.937252"
"134530.0";"1.942087"
"134540.0";"2.011446"
"134550.0";"1.978416"
"134560.0";"1.954316"
"134570.0";"1.950185"
"134580.0";"2.059532"
"134590.0";"1.936865"
"134600.0";"1.999485"
"134610.0";"2.053968"
"134620.0";"1.893171"
"134630.0";"2.068902"
"134640.0";"2.030713"
"134650.0";"1.970343"
"134660.0";"1.937558"
"134670.0";"1.909693"
"134680.0";"1.924459"
"134690.0";"1.992917"
"134700.0";"2.053092"
"134710.0";"2.04513"
"134720.0";"2.08158"
"134730.0";"1.981734"
"134740.0";"1.953439"
"134750.0";"1.992279"
"134760.0";"2.001106"
"134770.0";"2.037031"
"134780.0";"2.022702"
"134790.0";"2.085662"
"134800.0";"2.104943"
"134810.0";"2.035939"
"134820.0";"2.008109"
"134830.0";"2.042556"
"134840.0";"1.90767"
"134850.0";"1.962229"
"134860.0";"1.891781"
"134870.0";"1.985106"
"134880.0";"1.897406"
"134890.0";"1.967858"
"134900.0";"1.99069"
"134910.0";"1.926173"
"134920.0";"1.989111"
"134930.0";"1.959771"
"134940.0";"1.851557"
"134950.0";"2.002771"
"134960.0";"1.952459"
"134970.0";"1.961442"
"134980.0";"1.962294"
"134990.0";"1.999683"
"135000.0";"1.935234"
"135010.0";"1.948463"
"135020.0";"1.933423"
"135030.0";"1.929395"
"135040.0";"1.963487"
"135050.0";"1.983538"
"135060.0";"1.994655"
"135070.0";"1.930107"
"135080.0";"1.970502"
"135090.0";"1.944903"
"135100.0";"1.962039"
"135110.0";"1.91636"
"135120.0";"1.934119"
"135130.0";"1.937943"
"135140.0";"1.935644"
"135150.0";"1.972034"
"135160.0";"1.936083"
"135170.0";"1.886606"
"135180.0";"2.015654"
"135190.0";"1.852998"
"135200.0";"1.934308"
"135210.0";"2.030284"
"135220.0";"1.914406"
"135230.0";"2.017895"
"135240.0";"2.038313"
"135250.0";"1.983773"
"135260.0";"2.050547"
"135270.0";"1.968077"
"135280.0";"1.854485"
"135290.0";"1.967315"
"135300.0";"1.941487"
"135310.0";"2.030475"
"135320.0";"1.964071"
"135330.0";"1.98585"
"135340.0";"2.02083"
"135350.0";"1.888935"
"135360.0";"1.941177"
"135370.0";"1.904182"
"135380.0";"2.011858"
"135390.0";"1.994938"
"135400.0";"1.998102"
"135410.0";"2.032765"
"135420.0";"1.990009"
"135430.0";"2.028941"
"135440.0";"1.959789"
"135450.0";"2.013481"
"135460.0";"1.949722"
"135470.0";"1.949894"
"135480.0";"1.924163"
"135490.0";"1.910902"
"135500.0";"1.870599"
"135510.0";"1.895696"
"135520.0";"1.974204"
"135530.0";"1.966081"
"135540.0";"1.91012"
"135550.0";"1.910335"
"135560.0";"1.989217"
"135570.0";"2.013568"
"135580.0";"1.974799"
"135590.0";"2.002514"
"135600.0";"1.922932"
"135610.0";"1.970984"
"135620.0";"1.941347"
"135630.0";"1.963031"
"135640.0";"2.023166"
"135650.0";"1.957914"
"135660.0";"1.989739"
"135670.0";"1.911947"
"135680.0";"1.954335"
"135690.0";"1.943573"
"135700.0";"1.945087"
"135710.0";"1.957381"
"135720.0";"1.954974"
"135730.0";"1.983817"
"135740.0";"1.969555"
"135750.0";"1.991926"
"135760.0";"2.018652"
"135770.0";"1.927293"
"135780.0";"1.998257"
"135790.0";"1.888785"
"135800.0";"1.993353"
"135810.0";"1.981607"
"135820.0";"2.00292"
"135830.0";"1.971747"
"135840.0";"1.989582"
"135850.0";"1.923358"
"135860.0";"1.933692"
"135870.0";"1.985155"
"135880.0";"1.977799"
"135890.0";"1.966668"
"135900.0";"1.970704"
"135910.0";"1.929303"
"135920.0";"2.008622"
"135930.0";"2.018972"
"135940.0";"1.899922"
"135950.0";"1.972725"
"135960.0";"1.928054"
"135970.0";"1.996736"
"135980.0";"1.987447"
"135990.0";"1.995383"
"136000.0";"2.003926"
"136010.0";"2.029903"
"136020.0";"2.015817"
"136030.0";"1.986241"
"136040.0";"1.99184"
"136050.0";"2.025982"
"136060.0";"1.932101"
"136070.0";"1.973336"
"136080.0";"1.984224"
"136090.0";"1.958567"
"136100.0";"1.895441"
"136110.0";"1.968408"
"136120.0";"1.923814"
"136130.0";"1.898872"
"136140.0";"1.976213"
"136150.0";"2.018147"
"136160.0";"1.916708"
"136170.0";"1.954558"
"136180.0";"1.895525"
"136190.0";"1.95316"
"136200.0";"1.951332"
"136210.0";"1.994792"
"136220.0";"2.023837"
"136230.0";"1.945441"
"136240.0";"1.977831"
"136250.0";"2.10317"
"136260.0";"2.012503"
"136270.0";"1.946006"
"136280.0";"1.98135"
"136290.0";"1.972361"
"136300.0";"1.935555"
"136310.0";"1.996653"
"136320.0";"1.980412"
"136330.0";"1.959221"
"136340.0";"2.005171"
"136350.0";"1.962808"
"136360.0";"1.918303"
"136370.0";"1.895955"
"136380.0";"1.927803"
"136390.0";"1.988943"
"136400.0";"2.062806"
"136410.0";"1.988723"
"136420.0";"2.016736"
"136430.0";"1.967543"
"136440.0";"2.051958"
"136450.0";"1.982617"
"136460.0";"1.842787"
"136470.0";"1.865155"
"136480.0";"1.918748"
"136490.0";"1.93533"
"136500.0";"1.909137"
"136510.0";"1.967704"
"136520.0";"1.952747"
"136530.0";"1.940058"
"136540.0";"1.940818"
"136550.0";"1.924652"
"136560.0";"1.90991"
"136570.0";"1.950917"
"136580.0";"2.023492"
"136590.0";"1.942883"
"136600.0";"1.987031"
"136610.0";"1.962738"
"136620.0";"1.962172"
"136630.0";"1.995164"
"136640.0";"1.92531"
"136650.0";"1.899814"
"136660.0";"1.994007"
"136670.0";"1.96896"
"136680.0";"1.93066"
"136690.0";"2.006738"
"136700.0";"1.99238"
"136710.0";"1.977164"
"136720.0";"2.048686"
"136730.0";"1.983143"
"136740.0";"2.045276"
"136750.0";"2.031075"
"136760.0";"2.099704"
"136770.0";"2.061039"
"136780.0";"2.069331"
"136790.0";"2.042076"
"136800.0";"1.980866"
"136810.0";"1.913575"
"136820.0";"1.906644"
"136830.0";"1.97616"
"136840.0";"1.94079"
"136850.0";"1.9379"
"136860.0";"2.038238"
"136870.0";"1.95561"
"136880.0";"2.029083"
"136890.0";"1.993689"
"136900.0";"1.988179"
"136910.0";"1.951395"
"136920.0";"1.958237"
"136930.0";"1.91323"
"136940.0";"1.946579"
"136950.0";"2.002249"
"136960.0";"1.945501"
"136970.0";"1.996762"
"136980.0";"1.987701"
"136990.0";"1.953042"
"137000.0";"1.99708"
"137010.0";"1.927658"
"137020.0";"1.916041"
"137030.0";"1.936933"
"137040.0";"1.926643"
"137050.0";"2.01246"
"137060.0";"2.036572"
"137070.0";"2.002992"
"137080.0";"2.003066"
"137090.0";"1.974729"
"137100.0";"2.003084"
"137110.0";"1.956789"
"137120.0";"1.943229"
"137130.0";"1.996884"
"137140.0";"1.93297"
"137150.0";"1.943424"
"137160.0";"1.858355"
"137170.0";"1.977421"
"137180.0";"2.001889"
"137190.0";"1.967381"
"137200.0";"1.996552"
"137210.0";"1.997625"
"137220.0";"1.886577"
"137230.0";"1.946706"
"137240.0";"2.000675"
"137250.0";"2.006436"
"137260.0";"1.987399"
"137270.0";"1.943259"
"137280.0";"1.955402"
"137290.0";"2.014867"
"137300.0";"2.014399"
"137310.0";"1.95744"
"137320.0";"2.011683"
"137330.0";"1.982001"
"137340.0";"2.036649"
"137350.0";"2.024314"
"137360.0";"2.002704"
"137370.0";"1.940808"
"137380.0";"2.042805"
"137390.0";"1.938599"
"137400.0";"1.955318"
"137410.0";"2.006869"
"137420.0";"1.980344"
"137430.0";"1.967957"
"137440.0";"2.097499"
"137450.0";"1.955304"
"137460.0";"1.984578"
"137470.0";"1.979799"
"137480.0";"1.966914"
"137490.0";"1.988915"
"137500.0";"1.937796"
"137510.0";"1.93656"
"137520.0";"1.984838"
"137530.0";"1.977318"
"137540.0";"2.036147"
"137550.0";"2.029047"
"137560.0";"2.077349"
"137570.0";"2.030541"
"137580.0";"1.999724"
"137590.0";"1.988789"
"137600.0";"1.99639"
"137610.0";"2.022308"
"137620.0";"2.042286"
"137630.0";"2.01485"
"137640.0";"1.953517"
"137650.0";"1.880321"
"137660.0";"1.892735"
"137670.0";"1.943598"
"137680.0";"1.967417"
"137690.0";"2.011105"
"137700.0";"1.998008"
"137710.0";"2.016727"
"137720.0";"2.086875"
"137730.0";"1.992199"
"137740.0";"2.03566"
"137750.0";"2.049521"
"137760.0";"2.026798"
"137770.0";"1.94044"
"137780.0";"1.934209"
"137790.0";"2.001354"
"137800.0";"2.025341"
"137810.0";"2.04981"
"137820.0";"1.979671"
"137830.0";"2.030344"
"137840.0";"1.995346"
"137850.0";"1.945331"
"137860.0";"2.016821"
"137870.0";"1.902326"
"137880.0";"1.969845"
"137890.0";"2.04735"
"137900.0";"2.014012"
"137910.0";"2.037879"
"137920.0";"2.007013"
"137930.0";"1.997325"
"137940.0";"1.976134"
"137950.0";"2.105636"
"137960.0";"2.040003"
"137970.0";"1.949638"
"137980.0";"1.936053"
"137990.0";"2.020298"
"138000.0";"2.044941"
"138010.0";"2.138131"
"138020.0";"2.069786"
"138030.0";"2.178472"
"138040.0";"2.240775"
"138050.0";"2.108044"
"138060.0";"2.18499"
"138070.0";"2.226571"
"138080.0";"2.361251"
"138090.0";"2.21046"
"138100.0";"2.269062"
"138110.0";"2.180108"
"138120.0";"2.160782"
"138130.0";"2.006809"
"138140.0";"1.982511"
"138150.0";"1.880587"
"138160.0";"1.946895"
"138170.0";"1.965613"
"138180.0";"1.89237"
"138190.0";"1.902207"
"138200.0";"1.938881"
"138210.0";"1.967994"
"138220.0";"1.915767"
"138230.0";"1.998246"
"138240.0";"1.975821"
"138250.0";"1.926603"
"138260.0";"2.031743"
"138270.0";"2.040714"
"138280.0";"1.960601"
"138290.0";"1.909099"
"138300.0";"1.94974"
"138310.0";"1.915508"
"138320.0";"1.968313"
"138330.0";"1.902161"
"138340.0";"1.940799"
"138350.0";"1.961772"
"138360.0";"1.947048"
"138370.0";"2.020632"
"138380.0";"1.941947"
"138390.0";"1.958853"
"138400.0";"1.933992"
"138410.0";"1.928999"
"138420.0";"1.93856"
"138430.0";"1.962971"
"138440.0";"1.960475"
"138450.0";"2.029804"
"138460.0";"2.010947"
"138470.0";"2.001436"
"138480.0";"2.013639"
"138490.0";"1.946538"
"138500.0";"1.974512"
"138510.0";"1.908775"
"138520.0";"1.957121"
"138530.0";"1.988375"
"138540.0";"1.920726"
"138550.0";"1.8949"
"138560.0";"1.935316"
"138570.0";"1.916115"
"138580.0";"1.974664"
"138590.0";"1.970211"
"138600.0";"2.021318"
"138610.0";"1.963939"
"138620.0";"1.941763"
"138630.0";"1.994616"
"138640.0";"1.922631"
"138650.0";"1.961861"
"138660.0";"1.971865"
"138670.0";"1.956888"
"138680.0";"1.983973"
"138690.0";"1.919455"
"138700.0";"1.895906"
"138710.0";"1.969175"
"138720.0";"1.96058"
"138730.0";"1.922344"
"138740.0";"1.940099"
"138750.0";"2.021895"
"138760.0";"1.960422"
"138770.0";"1.961288"
"138780.0";"1.998777"
"138790.0";"1.945614"
"138800.0";"1.926864"
"138810.0";"1.940006"
"138820.0";"1.97075"
"138830.0";"1.92203"
"138840.0";"1.915278"
"138850.0";"1.943206"
"138860.0";"1.94094"
"138870.0";"1.95878"
"138880.0";"1.953733"
"138890.0";"1.898439"
"138900.0";"1.953064"
"138910.0";"2.014329"
"138920.0";"1.998169"
"138930.0";"1.998844"
"138940.0";"1.957268"
"138950.0";"1.904338"
"138960.0";"1.912517"
"138970.0";"2.000068"
"138980.0";"2.009736"
"138990.0";"1.975122"
"139000.0";"2.020678"
"139010.0";"1.992877"
"139020.0";"2.0046"
"139030.0";"2.026776"
"139040.0";"2.023117"
"139050.0";"1.970226"
"139060.0";"1.994409"
"139070.0";"1.948435"
"139080.0";"1.965415"
"139090.0";"1.934284"
"139100.0";"2.038591"
"139110.0";"1.974164"
"139120.0";"1.952186"
"139130.0";"1.995946"
"139140.0";"2.023835"
"139150.0";"2.037628"
"139160.0";"2.028088"
"139170.0";"1.934192"
"139180.0";"1.984689"
"139190.0";"1.981627"
"139200.0";"2.038663"
"139210.0";"1.984255"
"139220.0";"1.962109"
"139230.0";"1.983413"
"139240.0";"1.987405"
"139250.0";"1.921067"
"139260.0";"1.910421"
"139270.0";"1.972588"
"139280.0";"1.967319"
"139290.0";"2.035944"
"139300.0";"1.928846"
"139310.0";"1.973876"
"139320.0";"2.024204"
"139330.0";"1.975548"
"139340.0";"2.002552"
"139350.0";"1.954143"
"139360.0";"2.003899"
"139370.0";"1.876857"
"139380.0";"1.950012"
"139390.0";"2.00293"
"139400.0";"2.00194"
"139410.0";"2.015484"
"139420.0";"2.006279"
"139430.0";"2.008733"
"139440.0";"1.988755"
"139450.0";"1.990053"
"139460.0";"2.02442"
"139470.0";"1.985712"
"139480.0";"2.039187"
"139490.0";"1.927247"
"139500.0";"2.012666"
"139510.0";"2.006438"
"139520.0";"1.953449"
"139530.0";"1.997241"
"139540.0";"1.987599"
"139550.0";"2.022795"
"139560.0";"2.015165"
"139570.0";"2.027707"
"139580.0";"2.039586"
"139590.0";"1.956853"
"139600.0";"2.00353"
"139610.0";"1.960839"
"139620.0";"1.976288"
"139630.0";"1.965019"
"139640.0";"1.920961"
"139650.0";"2.055577"
"139660.0";"1.985572"
"139670.0";"2.067185"
"139680.0";"2.04606"
"139690.0";"2.026605"
"139700.0";"2.012668"
"139710.0";"1.924248"
"139720.0";"2.052449"
"139730.0";"2.027198"
"139740.0";"2.076175"
"139750.0";"2.035941"
"139760.0";"1.962554"
"139770.0";"2.032597"
"139780.0";"1.986719"
"139790.0";"1.997756"
"139800.0";"2.016748"
"139810.0";"2.048867"
"139820.0";"2.04119"
"139830.0";"1.950538"
"139840.0";"1.986381"
"139850.0";"1.987497"
"139860.0";"1.947283"
"139870.0";"1.995788"
"139880.0";"2.018898"
"139890.0";"1.928855"
"139900.0";"1.966759"
"139910.0";"2.013368"
"139920.0";"2.015243"
"139930.0";"1.862467"
"139940.0";"2.07376"
"139950.0";"1.963101"
"139960.0";"1.917127"
"139970.0";"2.02296"
"139980.0";"2.104773"
"139990.0";"1.921897"
"140000.0";"1.910299"
"140010.0";"1.961416"
"140020.0";"1.861709"
"140030.0";"1.950204"
"140040.0";"1.931642"
"140050.0";"1.94606"
"140060.0";"1.98683"
"140070.0";"1.965418"
"140080.0";"2.00698"
"140090.0";"1.986883"
"140100.0";"2.007146"
"140110.0";"2.000518"
"140120.0";"1.998066"
"140130.0";"1.987393"
"140140.0";"2.031853"
"140150.0";"2.018759"
"140160.0";"1.994099"
"140170.0";"2.034177"
"140180.0";"2.020145"
"140190.0";"2.016847"
"140200.0";"2.083085"
"140210.0";"2.062602"
"140220.0";"2.104852"
"140230.0";"2.026452"
"140240.0";"1.99311"
"140250.0";"2.027686"
"140260.0";"1.976398"
"140270.0";"2.02371"
"140280.0";"1.925831"
"140290.0";"2.059818"
"140300.0";"1.966253"
"140310.0";"2.028363"
"140320.0";"2.031401"
"140330.0";"1.943725"
"140340.0";"2.021491"
"140350.0";"2.070963"
"140360.0";"2.025381"
"140370.0";"1.977788"
"140380.0";"2.015272"
"140390.0";"2.041117"
"140400.0";"2.004016"
"140410.0";"1.954596"
"140420.0";"1.946127"
"140430.0";"2.017164"
"140440.0";"1.963802"
"140450.0";"2.073066"
"140460.0";"2.047785"
"140470.0";"2.095161"
"140480.0";"2.072246"
"140490.0";"2.029063"
"140500.0";"2.019275"
"140510.0";"1.988634"
"140520.0";"2.088232"
"140530.0";"2.004846"
"140540.0";"2.031029"
"140550.0";"1.985219"
"140560.0";"1.973033"
"140570.0";"1.964512"
"140580.0";"1.923719"
"140590.0";"1.980694"
"140600.0";"1.989501"
"140610.0";"1.964147"
"140620.0";"1.987795"
"140630.0";"1.991052"
"140640.0";"2.051586"
"140650.0";"2.009468"
"140660.0";"2.019956"
"140670.0";"2.030166"
"140680.0";"2.019038"
"140690.0";"2.022795"
"140700.0";"2.104263"
"140710.0";"1.995353"
"140720.0";"1.997407"
"140730.0";"2.046105"
"140740.0";"1.992816"
"140750.0";"2.031507"
"140760.0";"1.986224"
"140770.0";"1.955062"
"140780.0";"2.032266"
"140790.0";"1.949414"
"140800.0";"2.05266"
"140810.0";"2.049943"
"140820.0";"1.999964"
"140830.0";"1.945549"
"140840.0";"2.05902"
"140850.0";"2.06725"
"140860.0";"2.059456"
"140870.0";"2.031453"
"140880.0";"1.985792"
"140890.0";"2.025307"
"140900.0";"1.981846"
"140910.0";"1.994099"
"140920.0";"2.005338"
"140930.0";"1.931283"
"140940.0";"1.912254"
"140950.0";"1.951579"
"140960.0";"1.946448"
"140970.0";"1.998924"
"140980.0";"1.985551"
"140990.0";"2.111216"
"141000.0";"2.139723"
"141010.0";"1.912225"
"141020.0";"1.998904"
"141030.0";"1.985851"
"141040.0";"2.032485"
"141050.0";"1.983771"
"141060.0";"1.966741"
"141070.0";"1.963561"
"141080.0";"1.95334"
"141090.0";"1.987524"
"141100.0";"1.924687"
"141110.0";"1.961742"
"141120.0";"1.993732"
"141130.0";"2.005259"
"141140.0";"1.956929"
"141150.0";"1.992938"
"141160.0";"1.972038"
"141170.0";"1.986312"
"141180.0";"1.927072"
"141190.0";"1.946545"
"141200.0";"1.900543"
"141210.0";"1.980379"
"141220.0";"1.892388"
"141230.0";"1.968833"
"141240.0";"1.950363"
"141250.0";"1.960507"
"141260.0";"2.017483"
"141270.0";"1.947449"
"141280.0";"1.906497"
"141290.0";"1.930576"
"141300.0";"1.944279"
"141310.0";"2.086891"
"141320.0";"1.990047"
"141330.0";"1.98253"
"141340.0";"2.075729"
"141350.0";"2.1739"
"141360.0";"2.154856"
"141370.0";"2.063844"
"141380.0";"2.125349"
"141390.0";"2.079166"
"141400.0";"2.149692"
"141410.0";"2.001254"
"141420.0";"2.05039"
"141430.0";"2.093153"
"141440.0";"1.986106"
"141450.0";"2.081115"
"141460.0";"1.954399"
"141470.0";"2.019022"
"141480.0";"2.07302"
"141490.0";"2.109062"
"141500.0";"2.047967"
"141510.0";"2.090575"
"141520.0";"2.061846"
"141530.0";"2.022074"
"141540.0";"2.093237"
"141550.0";"2.253217"
"141560.0";"2.131402"
"141570.0";"2.091387"
"141580.0";"2.072969"
"141590.0";"2.052151"
"141600.0";"2.044505"
"141610.0";"2.086462"
"141620.0";"2.014549"
"141630.0";"2.075965"
"141640.0";"2.043404"
"141650.0";"2.028797"
"141660.0";"1.978861"
"141670.0";"1.970953"
"141680.0";"1.957005"
"141690.0";"2.059546"
"141700.0";"2.048798"
"141710.0";"2.134778"
"141720.0";"2.055243"
"141730.0";"2.010656"
"141740.0";"1.979955"
"141750.0";"1.947918"
"141760.0";"2.040283"
"141770.0";"1.969661"
"141780.0";"2.011825"
"141790.0";"2.035989"
"141800.0";"2.167037"
"141810.0";"2.125752"
"141820.0";"2.090157"
"141830.0";"2.14994"
"141840.0";"2.122789"
"141850.0";"2.156491"
"141860.0";"2.153923"
"141870.0";"2.152131"
"141880.0";"2.106514"
"141890.0";"1.922653"
"141900.0";"1.948841"
"141910.0";"1.982007"
"141920.0";"1.974894"
"141930.0";"1.981475"
"141940.0";"1.980334"
"141950.0";"1.939655"
"141960.0";"1.96835"
"141970.0";"1.963868"
"141980.0";"1.981537"
"141990.0";"1.970436"
"142000.0";"1.908967"
"142010.0";"1.954865"
"142020.0";"1.966798"
"142030.0";"2.0344"
"142040.0";"2.000961"
"142050.0";"1.945683"
"142060.0";"1.952875"
"142070.0";"1.967948"
"142080.0";"1.942043"
"142090.0";"1.980647"
"142100.0";"1.926133"
"142110.0";"1.987479"
"142120.0";"1.971073"
"142130.0";"1.922906"
"142140.0";"1.941102"
"142150.0";"1.9243"
"142160.0";"1.90407"
"142170.0";"1.98261"
"142180.0";"1.940376"
"142190.0";"1.935799"
"142200.0";"1.973851"
"142210.0";"1.990951"
"142220.0";"1.986749"
"142230.0";"1.950361"
"142240.0";"2.055918"
"142250.0";"2.010574"
"142260.0";"2.075797"
"142270.0";"1.982207"
"142280.0";"1.98337"
"142290.0";"1.977504"
"142300.0";"2.010517"
"142310.0";"2.00085"
"142320.0";"1.965947"
"142330.0";"2.101113"
"142340.0";"2.073592"
"142350.0";"2.025073"
"142360.0";"1.986822"
"142370.0";"1.96413"
"142380.0";"1.938625"
"142390.0";"2.04342"
"142400.0";"2.042661"
"142410.0";"2.050466"
"142420.0";"2.055947"
"142430.0";"1.99121"
"142440.0";"2.014313"
"142450.0";"1.971268"
"142460.0";"2.012352"
"142470.0";"1.908429"
"142480.0";"1.960287"
"142490.0";"2.019956"
"142500.0";"2.007078"
"142510.0";"2.02396"
"142520.0";"2.021766"
"142530.0";"1.958674"
"142540.0";"2.116115"
"142550.0";"2.005296"
"142560.0";"1.985966"
"142570.0";"2.048192"
"142580.0";"1.980107"
"142590.0";"1.965451"
"142600.0";"2.034364"
"142610.0";"1.936995"
"142620.0";"2.027149"
"142630.0";"2.06235"
"142640.0";"2.047574"
"142650.0";"1.987912"
"142660.0";"1.955898"
"142670.0";"1.99607"
"142680.0";"2.01995"
"142690.0";"1.961213"
"142700.0";"1.981207"
"142710.0";"1.976681"
"142720.0";"1.996253"
"142730.0";"1.957856"
"142740.0";"2.066623"
"142750.0";"1.971512"
"142760.0";"1.993203"
"142770.0";"1.954155"
"142780.0";"1.972131"
"142790.0";"1.907373"
"142800.0";"1.950936"
"142810.0";"1.999679"
"142820.0";"1.932564"
"142830.0";"1.981855"
"142840.0";"2.05463"
"142850.0";"2.122023"
"142860.0";"2.027419"
"142870.0";"2.114533"
"142880.0";"2.099526"
"142890.0";"2.048051"
"142900.0";"2.134931"
"142910.0";"2.118387"
"142920.0";"2.123093"
"142930.0";"2.10314"
"142940.0";"2.113776"
"142950.0";"2.030711"
"142960.0";"2.11062"
"142970.0";"2.152228"
"142980.0";"2.20453"
"142990.0";"2.112346"
"143000.0";"2.192757"
"143010.0";"2.176596"
"143020.0";"2.309591"
"143030.0";"2.259629"
"143040.0";"2.238774"
"143050.0";"2.394119"
"143060.0";"2.445795"
"143070.0";"2.429615"
"143080.0";"2.493045"
"143090.0";"2.569116"
"143100.0";"2.573156"
"143110.0";"2.557588"
"143120.0";"2.532221"
"143130.0";"2.466108"
"143140.0";"2.633059"
"143150.0";"2.50273"
"143160.0";"2.398556"
"143170.0";"2.298737"
"143180.0";"2.365672"
"143190.0";"2.229242"
"143200.0";"2.452484"
"143210.0";"2.242857"
"143220.0";"2.388175"
"143230.0";"2.2873"
"143240.0";"2.322786"
"143250.0";"2.463327"
"143260.0";"2.500535"
"143270.0";"2.284341"
"143280.0";"2.280213"
"143290.0";"2.181596"
"143300.0";"2.297851"
"143310.0";"2.283435"
"143320.0";"2.255703"
"143330.0";"2.256305"
"143340.0";"2.198139"
"143350.0";"2.238101"
"143360.0";"2.338774"
"143370.0";"2.247753"
"143380.0";"2.272708"
"143390.0";"2.254409"
"143400.0";"2.420753"
"143410.0";"2.329516"
"143420.0";"2.297873"
"143430.0";"2.361235"
"143440.0";"2.228691"
"143450.0";"2.215408"
"143460.0";"2.388998"
"143470.0";"2.365429"
"143480.0";"2.298325"
"143490.0";"2.261175"
"143500.0";"2.376226"
"143510.0";"2.465482"
"143520.0";"2.523087"
"143530.0";"2.325196"
"143540.0";"2.261689"
"143550.0";"2.321407"
"143560.0";"2.358639"
"143570.0";"2.294689"
"143580.0";"2.274328"
"143590.0";"2.281374"
"143600.0";"2.304693"
"143610.0";"2.299716"
"143620.0";"2.263793"
"143630.0";"2.283123"
"143640.0";"2.306211"
"143650.0";"2.309947"
"143660.0";"2.232953"
"143670.0";"2.213702"
"143680.0";"2.178971"
"143690.0";"2.137358"
"143700.0";"2.10768"
"143710.0";"2.132052"
"143720.0";"2.090812"
"143730.0";"2.044063"
"143740.0";"1.994417"
"143750.0";"1.983529"
"143760.0";"2.03304"
"143770.0";"1.989721"
"143780.0";"2.005676"
"143790.0";"2.035544"
"143800.0";"1.916161"
"143810.0";"2.013846"
"143820.0";"1.981794"
"143830.0";"1.968233"
"143840.0";"2.066836"
"143850.0";"2.049565"
"143860.0";"2.107227"
"143870.0";"2.041091"
"143880.0";"2.043622"
"143890.0";"1.955722"
"143900.0";"1.975553"
"143910.0";"2.007667"
"143920.0";"1.991088"
"143930.0";"1.957987"
"143940.0";"2.009459"
"143950.0";"2.016171"
"143960.0";"1.9302"
"143970.0";"1.964364"
"143980.0";"1.931949"
"143990.0";"1.938377"
"144000.0";"2.083806"
"144010.0";"2.065248"
"144020.0";"2.056042"
"144030.0";"2.057198"
"144040.0";"2.005466"
"144050.0";"2.08191"
"144060.0";"2.216901"
"144070.0";"2.255275"
"144080.0";"2.124349"
"144090.0";"2.084846"
"144100.0";"2.230353"
"144110.0";"2.412733"
"144120.0";"2.205073"
"144130.0";"2.157145"
"144140.0";"2.13223"
"144150.0";"2.190989"
"144160.0";"2.155569"
"144170.0";"2.275015"
"144180.0";"2.175189"
"144190.0";"2.266749"
"144200.0";"2.220518"
"144210.0";"2.237836"
"144220.0";"2.194526"
"144230.0";"2.180938"
"144240.0";"2.29068"
"144250.0";"2.150146"
"144260.0";"2.229385"
"144270.0";"2.137429"
"144280.0";"2.223719"
"144290.0";"2.18145"
"144300.0";"2.230047"
"144310.0";"2.161717"
"144320.0";"2.260493"
"144330.0";"2.072572"
"144340.0";"2.126097"
"144350.0";"2.137832"
"144360.0";"2.271916"
"144370.0";"2.162927"
"144380.0";"2.265827"
"144390.0";"2.259206"
"144400.0";"2.293787"
"144410.0";"2.474538"
"144420.0";"2.497791"
"144430.0";"2.320449"
"144440.0";"2.218872"
"144450.0";"2.1937"
"144460.0";"2.179749"
"144470.0";"2.145448"
"144480.0";"2.132575"
"144490.0";"2.115861"
"144500.0";"2.19176"
"144510.0";"2.179334"
"144520.0";"2.233448"
"144530.0";"2.168293"
"144540.0";"2.137319"
"144550.0";"2.166769"
"144560.0";"2.237482"
"144570.0";"2.206855"
"144580.0";"2.294642"
"144590.0";"2.199028"
"144600.0";"2.344103"
"144610.0";"2.321132"
"144620.0";"2.339979"
"144630.0";"2.388519"
"144640.0";"2.288119"
"144650.0";"2.200665"
"144660.0";"2.140505"
"144670.0";"2.146876"
"144680.0";"2.138431"
"144690.0";"2.122691"
"144700.0";"2.22737"
"144710.0";"2.223609"
"144720.0";"2.283913"
"144730.0";"2.258093"
"144740.0";"2.199304"
"144750.0";"2.197938"
"144760.0";"2.237644"
"144770.0";"2.187142"
"144780.0";"2.101234"
"144790.0";"2.130556"
"144800.0";"2.264856"
"144810.0";"2.198976"
"144820.0";"2.216649"
"144830.0";"2.098092"
"144840.0";"2.255685"
"144850.0";"2.260991"
"144860.0";"2.148282"
"144870.0";"2.076948"
"144880.0";"2.184612"
"144890.0";"2.097355"
"144900.0";"2.220639"
"144910.0";"2.130963"
"144920.0";"2.235063"
"144930.0";"2.149952"
"144940.0";"2.022412"
"144950.0";"1.958356"
"144960.0";"2.032732"
"144970.0";"2.114253"
"144980.0";"2.201214"
"144990.0";"2.134757"
"145000.0";"2.116061"
"145010.0";"2.154261"
"145020.0";"2.114431"
"145030.0";"2.01587"
"145040.0";"2.100183"
"145050.0";"2.100401"
"145060.0";"2.027804"
"145070.0";"2.019688"
"145080.0";"2.078577"
"145090.0";"2.030316"
"145100.0";"2.036195"
"145110.0";"2.018584"
"145120.0";"2.053433"
"145130.0";"2.090933"
"145140.0";"1.97536"
"145150.0";"2.067738"
"145160.0";"2.046372"
"145170.0";"2.14838"
"145180.0";"1.982055"
"145190.0";"1.952671"
"145200.0";"1.939078"
"145210.0";"1.979598"
"145220.0";"2.057002"
"145230.0";"1.971425"
"145240.0";"1.996076"
"145250.0";"2.072187"
"145260.0";"1.944367"
"145270.0";"1.960413"
"145280.0";"1.999352"
"145290.0";"1.935134"
"145300.0";"1.990997"
"145310.0";"2.001145"
"145320.0";"1.99223"
"145330.0";"2.005283"
"145340.0";"1.999683"
"145350.0";"1.999859"
"145360.0";"1.920821"
"145370.0";"1.92648"
"145380.0";"1.962658"
"145390.0";"2.007675"
"145400.0";"1.992006"
"145410.0";"1.915045"
"145420.0";"1.967281"
"145430.0";"2.09706"
"145440.0";"2.079695"
"145450.0";"2.001299"
"145460.0";"1.986643"
"145470.0";"1.970485"
"145480.0";"1.940744"
"145490.0";"2.006084"
"145500.0";"1.980785"
"145510.0";"2.001612"
"145520.0";"1.966308"
"145530.0";"2.005035"
"145540.0";"2.145286"
"145550.0";"2.017586"
"145560.0";"2.010474"
"145570.0";"2.164916"
"145580.0";"2.10095"
"145590.0";"2.074262"
"145600.0";"2.045033"
"145610.0";"2.080111"
"145620.0";"2.109329"
"145630.0";"2.066523"
"145640.0";"2.181882"
"145650.0";"2.194376"
"145660.0";"2.204474"
"145670.0";"2.174694"
"145680.0";"2.192149"
"145690.0";"2.263732"
"145700.0";"2.355249"
"145710.0";"2.309941"
"145720.0";"2.21331"
"145730.0";"2.303657"
"145740.0";"2.188235"
"145750.0";"2.25963"
"145760.0";"2.098045"
"145770.0";"2.052071"
"145780.0";"2.117809"
"145790.0";"2.361671"
"145800.0";"2.277342"
"145810.0";"2.318987"
"145820.0";"2.269303"
"145830.0";"2.278178"
"145840.0";"2.253737"
"145850.0";"2.081192"
"145860.0";"2.188108"
"145870.0";"2.0949"
"145880.0";"2.108568"
"145890.0";"2.036779"
"145900.0";"2.093861"
"145910.0";"2.161761"
"145920.0";"2.132257"
"145930.0";"2.179574"
"145940.0";"2.15808"
"145950.0";"2.079569"
"145960.0";"2.076101"
"145970.0";"2.109519"
"145980.0";"2.20287"
"145990.0";"2.105057"
"146000.0";"2.058501"
"146010.0";"2.035675"
"146020.0";"2.143792"
"146030.0";"2.071682"
"146040.0";"1.958273"
"146050.0";"2.05286"
"146060.0";"2.039152"
"146070.0";"2.069351"
"146080.0";"2.107349"
"146090.0";"2.02855"
"146100.0";"2.07858"
"146110.0";"2.012319"
"146120.0";"1.961319"
"146130.0";"2.034801"
"146140.0";"1.909364"
"146150.0";"1.958614"
"146160.0";"1.972603"
"146170.0";"1.972671"
"146180.0";"1.987471"
"146190.0";"1.937213"
"146200.0";"2.012417"
"146210.0";"2.00705"
"146220.0";"1.912273"
"146230.0";"1.909239"
"146240.0";"1.922205"
"146250.0";"1.963441"
"146260.0";"1.927859"
"146270.0";"1.948117"
"146280.0";"1.937672"
"146290.0";"1.9352"
"146300.0";"1.922672"
"146310.0";"1.933393"
"146320.0";"1.972271"
"146330.0";"1.954246"
"146340.0";"1.986087"
"146350.0";"1.930896"
"146360.0";"1.983191"
"146370.0";"2.002465"
"146380.0";"1.971644"
"146390.0";"1.927808"
"146400.0";"1.936493"
"146410.0";"1.949276"
"146420.0";"1.889711"
"146430.0";"1.958541"
"146440.0";"2.04293"
"146450.0";"1.96433"
"146460.0";"1.938759"
"146470.0";"1.937383"
"146480.0";"1.915388"
"146490.0";"1.930475"
"146500.0";"1.983724"
"146510.0";"1.965701"
"146520.0";"1.949077"
"146530.0";"1.925652"
"146540.0";"1.958071"
"146550.0";"1.925374"
"146560.0";"1.98318"
"146570.0";"1.952408"
"146580.0";"1.983656"
"146590.0";"1.993708"
"146600.0";"1.903722"
"146610.0";"1.991973"
"146620.0";"1.990594"
"146630.0";"1.97534"
"146640.0";"2.001728"
"146650.0";"1.925658"
"146660.0";"1.915436"
"146670.0";"1.949557"
"146680.0";"1.94989"
"146690.0";"1.906143"
"146700.0";"1.996037"
"146710.0";"1.904657"
"146720.0";"1.96207"
"146730.0";"1.942556"
"146740.0";"1.893141"
"146750.0";"1.9751"
"146760.0";"1.977937"
"146770.0";"1.991365"
"146780.0";"1.966843"
"146790.0";"1.978086"
"146800.0";"1.92963"
"146810.0";"1.977155"
"146820.0";"1.999923"
"146830.0";"1.98782"
"146840.0";"1.992813"
"146850.0";"1.971418"
"146860.0";"1.973282"
"146870.0";"1.926189"
"146880.0";"2.022991"
"146890.0";"1.92614"
"146900.0";"1.880827"
"146910.0";"1.990639"
"146920.0";"2.010084"
"146930.0";"1.970918"
"146940.0";"1.93378"
"146950.0";"2.003753"
"146960.0";"1.981176"
"146970.0";"2.005358"
"146980.0";"1.979578"
"146990.0";"2.013409"
"147000.0";"2.054531"
"147010.0";"2.015801"
"147020.0";"1.963736"
"147030.0";"1.989766"
"147040.0";"1.975185"
"147050.0";"1.952078"
"147060.0";"1.995401"
"147070.0";"1.960545"
"147080.0";"1.936658"
"147090.0";"2.000458"
"147100.0";"1.990158"
"147110.0";"2.016207"
"147120.0";"2.0348"
"147130.0";"2.088235"
"147140.0";"2.04817"
"147150.0";"2.02774"
"147160.0";"2.013901"
"147170.0";"1.967222"
"147180.0";"1.929002"
"147190.0";"1.978693"
"147200.0";"2.133345"
"147210.0";"2.050219"
"147220.0";"2.08671"
"147230.0";"2.043455"
"147240.0";"2.051179"
"147250.0";"1.989212"
"147260.0";"2.009267"
"147270.0";"2.015335"
"147280.0";"2.011196"
"147290.0";"2.035084"
"147300.0";"2.034068"
"147310.0";"2.018578"
"147320.0";"2.04854"
"147330.0";"2.063406"
"147340.0";"1.980316"
"147350.0";"2.011894"
"147360.0";"1.957057"
"147370.0";"2.068913"
"147380.0";"2.006907"
"147390.0";"2.007966"
"147400.0";"1.980761"
"147410.0";"1.946615"
"147420.0";"1.974968"
"147430.0";"1.931111"
"147440.0";"2.002216"
"147450.0";"1.997731"
"147460.0";"1.948186"
"147470.0";"2.00396"
"147480.0";"2.029237"
"147490.0";"2.010927"
"147500.0";"1.954927"
"147510.0";"1.950554"
"147520.0";"1.914748"
"147530.0";"1.96815"
"147540.0";"1.957014"
"147550.0";"1.975667"
"147560.0";"1.979599"
"147570.0";"1.942408"
"147580.0";"1.963917"
"147590.0";"1.901178"
"147600.0";"1.94112"
"147610.0";"1.849435"
"147620.0";"1.905031"
"147630.0";"1.856246"
"147640.0";"1.980122"
"147650.0";"1.967428"
"147660.0";"1.997901"
"147670.0";"1.927343"
"147680.0";"2.060551"
"147690.0";"1.968287"
"147700.0";"1.945803"
"147710.0";"1.956659"
"147720.0";"2.079012"
"147730.0";"2.152999"
"147740.0";"2.116108"
"147750.0";"2.174766"
"147760.0";"2.242139"
"147770.0";"2.191703"
"147780.0";"2.19338"
"147790.0";"2.271583"
"147800.0";"2.155024"
"147810.0";"2.067217"
"147820.0";"2.170985"
"147830.0";"2.13953"
"147840.0";"2.129481"
"147850.0";"2.124648"
"147860.0";"2.058427"
"147870.0";"2.0947"
"147880.0";"2.036484"
"147890.0";"1.947184"
"147900.0";"2.085501"
"147910.0";"1.949694"
"147920.0";"2.049365"
"147930.0";"1.914294"
"147940.0";"1.940397"
"147950.0";"1.968871"
"147960.0";"1.934838"
"147970.0";"1.966507"
"147980.0";"1.953832"
"147990.0";"1.903606"
"148000.0";"1.952808"
"148010.0";"1.975532"
"148020.0";"1.987944"
"148030.0";"1.930758"
"148040.0";"1.945285"
"148050.0";"2.001877"
"148060.0";"1.947"
"148070.0";"1.987798"
"148080.0";"1.977233"
"148090.0";"1.998316"
"148100.0";"1.984042"
"148110.0";"2.005"
"148120.0";"1.954185"
"148130.0";"2.031812"
"148140.0";"2.06105"
"148150.0";"1.966985"
"148160.0";"2.052129"
"148170.0";"1.970693"
"148180.0";"2.035328"
"148190.0";"1.997199"
"148200.0";"1.950596"
"148210.0";"1.966582"
"148220.0";"1.980714"
"148230.0";"1.953019"
"148240.0";"1.888104"
"148250.0";"1.92821"
"148260.0";"1.84163"
"148270.0";"1.90521"
"148280.0";"1.961708"
"148290.0";"1.966908"
"148300.0";"2.004806"
"148310.0";"1.970647"
"148320.0";"2.009425"
"148330.0";"1.966928"
"148340.0";"1.965332"
"148350.0";"1.96347"
"148360.0";"1.987497"
"148370.0";"1.986872"
"148380.0";"2.001387"
"148390.0";"2.092378"
"148400.0";"2.020503"
"148410.0";"1.998056"
"148420.0";"2.022387"
"148430.0";"2.027454"
"148440.0";"2.013915"
"148450.0";"1.976799"
"148460.0";"2.094552"
"148470.0";"1.998106"
"148480.0";"2.020237"
"148490.0";"2.012251"
"148500.0";"2.031291"
"148510.0";"2.010466"
"148520.0";"2.033121"
"148530.0";"2.071754"
"148540.0";"2.071487"
"148550.0";"2.070776"
"148560.0";"2.101774"
"148570.0";"2.075074"
"148580.0";"2.081239"
"148590.0";"2.080232"
"148600.0";"1.996263"
"148610.0";"2.07842"
"148620.0";"2.030794"
"148630.0";"2.060363"
"148640.0";"2.020989"
"148650.0";"2.011764"
"148660.0";"2.088515"
"148670.0";"2.032804"
"148680.0";"2.083202"
"148690.0";"2.039672"
"148700.0";"2.051617"
"148710.0";"2.055172"
"148720.0";"2.049783"
"148730.0";"2.102916"
"148740.0";"2.066668"
"148750.0";"2.060737"
"148760.0";"2.019087"
"148770.0";"2.051522"
"148780.0";"2.074355"
"148790.0";"2.046565"
"148800.0";"2.089625"
"148810.0";"2.018617"
"148820.0";"2.044707"
"148830.0";"2.046223"
"148840.0";"2.103649"
"148850.0";"2.010269"
"148860.0";"2.059462"
"148870.0";"2.014556"
"148880.0";"2.002702"
"148890.0";"2.019694"
"148900.0";"2.015701"
"148910.0";"2.049958"
"148920.0";"2.025962"
"148930.0";"2.043961"
"148940.0";"2.046212"
"148950.0";"2.038758"
"148960.0";"2.090395"
"148970.0";"2.074953"
"148980.0";"2.042567"
"148990.0";"1.961577"
"149000.0";"2.058555"
"149010.0";"1.93092"
"149020.0";"2.013372"
"149030.0";"2.0344"
"149040.0";"2.037405"
"149050.0";"2.016989"
"149060.0";"2.024192"
"149070.0";"2.101855"
"149080.0";"2.078823"
"149090.0";"2.028435"
"149100.0";"1.938293"
"149110.0";"1.914774"
"149120.0";"1.988248"
"149130.0";"1.984321"
"149140.0";"2.018691"
"149150.0";"2.010894"
"149160.0";"2.002461"
"149170.0";"2.005398"
"149180.0";"1.952654"
"149190.0";"2.010183"
"149200.0";"2.023203"
"149210.0";"1.99755"
"149220.0";"2.002751"
"149230.0";"1.96092"
"149240.0";"1.971777"
"149250.0";"2.025545"
"149260.0";"1.994515"
"149270.0";"2.04733"
"149280.0";"2.007923"
"149290.0";"1.972349"
"149300.0";"1.943043"
"149310.0";"2.004466"
"149320.0";"1.961248"
"149330.0";"2.051208"
"149340.0";"2.003767"
"149350.0";"2.053467"
"149360.0";"1.97666"
"149370.0";"2.005434"
"149380.0";"1.994725"
"149390.0";"1.953398"
"149400.0";"2.033843"
"149410.0";"2.000309"
"149420.0";"2.005296"
"149430.0";"2.045773"
"149440.0";"1.968597"
"149450.0";"2.042691"
"149460.0";"2.032395"
"149470.0";"2.032663"
"149480.0";"2.079578"
"149490.0";"2.058327"
"149500.0";"2.182029"
"149510.0";"2.130136"
"149520.0";"2.037274"
"149530.0";"2.095826"
"149540.0";"2.14787"
"149550.0";"2.125339"
"149560.0";"2.154488"
"149570.0";"2.242575"
"149580.0";"2.168216"
"149590.0";"2.238211"
"149600.0";"2.191646"
"149610.0";"2.159091"
"149620.0";"2.083603"
"149630.0";"2.066952"
"149640.0";"2.033958"
"149650.0";"1.97568"
"149660.0";"1.998419"
"149670.0";"1.969571"
"149680.0";"1.918653"
"149690.0";"1.974098"
"149700.0";"2.063584"
"149710.0";"1.963344"
"149720.0";"1.979113"
"149730.0";"2.003268"
"149740.0";"2.092302"
"149750.0";"2.030784"
"149760.0";"2.040407"
"149770.0";"2.016792"
"149780.0";"1.949107"
"149790.0";"1.923906"
"149800.0";"1.960282"
"149810.0";"1.961266"
"149820.0";"1.990674"
"149830.0";"1.995597"
"149840.0";"2.030424"
"149850.0";"2.025705"
"149860.0";"2.044768"
"149870.0";"1.964863"
"149880.0";"1.998912"
"149890.0";"1.958989"
"149900.0";"1.906046"
"149910.0";"1.939672"
"149920.0";"1.933695"
"149930.0";"1.968181"
"149940.0";"1.945254"
"149950.0";"1.950328"
"149960.0";"1.877369"
"149970.0";"1.991394"
"149980.0";"1.879954"
"149990.0";"1.875476"
"150000.0";"2.020066"
"150010.0";"1.980275"
"150020.0";"1.982238"
"150030.0";"1.88852"
"150040.0";"1.927071"
"150050.0";"1.954194"
"150060.0";"1.936543"
"150070.0";"1.947407"
"150080.0";"1.92854"
"150090.0";"1.980859"
"150100.0";"1.896314"
"150110.0";"1.889008"
"150120.0";"1.883298"
"150130.0";"1.900621"
"150140.0";"1.944571"
"150150.0";"2.032533"
"150160.0";"2.009387"
"150170.0";"1.992684"
"150180.0";"2.017557"
"150190.0";"2.048006"
"150200.0";"1.999929"
"150210.0";"1.99042"
"150220.0";"1.988142"
"150230.0";"2.018951"
"150240.0";"2.020627"
"150250.0";"1.951834"
"150260.0";"2.030048"
"150270.0";"2.104299"
"150280.0";"1.997489"
"150290.0";"1.975698"
"150300.0";"1.999151"
"150310.0";"1.908738"
"150320.0";"1.965302"
"150330.0";"1.993447"
"150340.0";"2.048587"
"150350.0";"1.949389"
"150360.0";"2.077527"
"150370.0";"1.983447"
"150380.0";"1.991746"
"150390.0";"2.006031"
"150400.0";"1.979473"
"150410.0";"1.935005"
"150420.0";"2.020542"
"150430.0";"1.945349"
"150440.0";"2.00653"
"150450.0";"1.957923"
"150460.0";"2.011842"
"150470.0";"1.934185"
"150480.0";"2.01779"
"150490.0";"2.053852"
"150500.0";"2.079627"
"150510.0";"2.118033"
"150520.0";"1.945906"
"150530.0";"2.023588"
"150540.0";"2.021373"
"150550.0";"2.019901"
"150560.0";"2.060483"
"150570.0";"1.998301"
"150580.0";"2.000428"
"150590.0";"2.016644"
"150600.0";"2.018195"
"150610.0";"1.977851"
"150620.0";"2.034833"
"150630.0";"1.953627"
"150640.0";"2.044674"
"150650.0";"1.862247"
"150660.0";"1.87834"
"150670.0";"1.952569"
"150680.0";"1.937617"
"150690.0";"1.942441"
"150700.0";"1.989378"
"150710.0";"1.952681"
"150720.0";"1.995377"
"150730.0";"2.039217"
"150740.0";"1.975086"
"150750.0";"1.952067"
"150760.0";"1.966783"
"150770.0";"1.957479"
"150780.0";"1.992016"
"150790.0";"2.000789"
"150800.0";"2.012078"
"150810.0";"2.06125"
"150820.0";"1.995558"
"150830.0";"2.030711"
"150840.0";"1.98224"
"150850.0";"2.086727"
"150860.0";"1.980271"
"150870.0";"2.053701"
"150880.0";"2.06601"
"150890.0";"1.947436"
"150900.0";"1.947652"
"150910.0";"1.921117"
"150920.0";"1.923948"
"150930.0";"1.929576"
"150940.0";"1.937686"
"150950.0";"1.96667"
"150960.0";"1.959959"
"150970.0";"1.908036"
"150980.0";"1.963537"
"150990.0";"1.959455"
"151000.0";"1.845742"
"151010.0";"1.957547"
"151020.0";"1.948122"
"151030.0";"1.996332"
"151040.0";"1.828588"
"151050.0";"1.84801"
"151060.0";"1.949071"
"151070.0";"1.976246"
"151080.0";"1.949193"
"151090.0";"1.915734"
"151100.0";"1.964361"
"151110.0";"1.937417"
"151120.0";"1.934063"
"151130.0";"1.918217"
"151140.0";"1.905603"
"151150.0";"1.918232"
"151160.0";"1.916665"
"151170.0";"1.988644"
"151180.0";"1.900391"
"151190.0";"1.982909"
"151200.0";"2.058216"
"151210.0";"1.923304"
"151220.0";"1.964125"
"151230.0";"1.976672"
"151240.0";"1.945869"
"151250.0";"1.916439"
"151260.0";"2.004802"
"151270.0";"2.016412"
"151280.0";"1.954191"
"151290.0";"2.010835"
"151300.0";"1.980975"
"151310.0";"1.94048"
"151320.0";"1.988757"
"151330.0";"1.99919"
"151340.0";"1.951207"
"151350.0";"1.917765"
"151360.0";"1.967138"
"151370.0";"1.979046"
"151380.0";"1.994687"
"151390.0";"1.98199"
"151400.0";"2.026586"
"151410.0";"2.045796"
"151420.0";"1.982883"
"151430.0";"2.022395"
"151440.0";"2.004002"
"151450.0";"2.000046"
"151460.0";"2.056075"
"151470.0";"2.040117"
"151480.0";"1.926799"
"151490.0";"1.993945"
"151500.0";"2.02742"
"151510.0";"1.958207"
"151520.0";"2.034825"
"151530.0";"1.999107"
"151540.0";"1.948453"
"151550.0";"2.055062"
"151560.0";"1.986254"
"151570.0";"1.932982"
"151580.0";"1.980707"
"151590.0";"1.979645"
"151600.0";"1.998815"
"151610.0";"1.922871"
"151620.0";"1.960813"
"151630.0";"1.957833"
"151640.0";"2.004012"
"151650.0";"1.982283"
"151660.0";"1.972826"
"151670.0";"1.962654"
"151680.0";"1.931731"
"151690.0";"2.010624"
"151700.0";"1.942464"
"151710.0";"1.951997"
"151720.0";"2.011032"
"151730.0";"1.983307"
"151740.0";"1.954647"
"151750.0";"2.044362"
"151760.0";"1.996371"
"151770.0";"1.946682"
"151780.0";"2.004108"
"151790.0";"1.986878"
"151800.0";"1.988373"
"151810.0";"1.966968"
"151820.0";"2.076861"
"151830.0";"2.010618"
"151840.0";"1.938081"
"151850.0";"2.041048"
"151860.0";"2.066866"
"151870.0";"2.078647"
"151880.0";"2.042603"
"151890.0";"1.973911"
"151900.0";"2.004385"
"151910.0";"1.96149"
"151920.0";"1.99498"
"151930.0";"1.995272"
"151940.0";"2.013711"
"151950.0";"2.038231"
"151960.0";"2.028083"
"151970.0";"1.980407"
"151980.0";"2.03125"
"151990.0";"2.061674"
"152000.0";"2.044968"
"152010.0";"1.998299"
"152020.0";"2.038262"
"152030.0";"2.04717"
"152040.0";"1.998346"
"152050.0";"1.998203"
"152060.0";"1.960054"
"152070.0";"1.997771"
"152080.0";"2.051971"
"152090.0";"2.03213"
"152100.0";"1.983681"
"152110.0";"1.938805"
"152120.0";"1.989726"
"152130.0";"2.014629"
"152140.0";"2.03635"
"152150.0";"2.024147"
"152160.0";"2.024882"
"152170.0";"2.023616"
"152180.0";"2.008386"
"152190.0";"1.992948"
"152200.0";"2.056059"
"152210.0";"1.988187"
"152220.0";"2.035762"
"152230.0";"1.992874"
"152240.0";"1.93728"
"152250.0";"1.982123"
"152260.0";"1.971692"
"152270.0";"2.080695"
"152280.0";"2.071366"
"152290.0";"1.910055"
"152300.0";"2.03306"
"152310.0";"2.088814"
"152320.0";"2.028818"
"152330.0";"2.011019"
"152340.0";"2.012653"
"152350.0";"2.02013"
"152360.0";"2.014"
"152370.0";"2.048251"
"152380.0";"1.969775"
"152390.0";"2.01596"
"152400.0";"2.044716"
"152410.0";"1.980289"
"152420.0";"1.975376"
"152430.0";"1.990809"
"152440.0";"1.995766"
"152450.0";"2.015528"
"152460.0";"1.938646"
"152470.0";"1.938543"
"152480.0";"2.003425"
"152490.0";"1.996328"
"152500.0";"1.959094"
"152510.0";"2.023297"
"152520.0";"1.951345"
"152530.0";"1.96051"
"152540.0";"1.999524"
"152550.0";"1.930236"
"152560.0";"1.997759"
"152570.0";"1.889987"
"152580.0";"1.936461"
"152590.0";"1.977064"
"152600.0";"2.010606"
"152610.0";"2.030469"
"152620.0";"2.008388"
"152630.0";"1.994653"
"152640.0";"2.00386"
"152650.0";"2.01255"
"152660.0";"1.989293"
"152670.0";"2.034564"
"152680.0";"2.018048"
"152690.0";"2.041847"
"152700.0";"1.914032"
"152710.0";"1.892495"
"152720.0";"1.920794"
"152730.0";"1.950937"
"152740.0";"1.89127"
"152750.0";"1.916137"
"152760.0";"1.938041"
"152770.0";"2.001334"
"152780.0";"1.942389"
"152790.0";"1.985959"
"152800.0";"1.981877"
"152810.0";"1.92875"
"152820.0";"2.00162"
"152830.0";"1.969278"
"152840.0";"1.921051"
"152850.0";"1.981611"
"152860.0";"1.884698"
"152870.0";"1.917478"
"152880.0";"1.937711"
"152890.0";"1.926684"
"152900.0";"1.916498"
"152910.0";"1.90089"
"152920.0";"1.905395"
"152930.0";"1.923048"
"152940.0";"1.967949"
"152950.0";"1.989884"
"152960.0";"1.919194"
"152970.0";"1.971774"
"152980.0";"1.997226"
"152990.0";"1.931387"
"153000.0";"1.924012"
"153010.0";"1.999566"
"153020.0";"1.992408"
"153030.0";"1.997627"
"153040.0";"1.967339"
"153050.0";"1.975795"
"153060.0";"1.979874"
"153070.0";"1.979314"
"153080.0";"2.055459"
"153090.0";"2.008363"
"153100.0";"1.91419"
"153110.0";"1.949094"
"153120.0";"2.012971"
"153130.0";"2.014362"
"153140.0";"2.010328"
"153150.0";"1.979232"
"153160.0";"2.002603"
"153170.0";"1.971331"
"153180.0";"2.002064"
"153190.0";"1.965319"
"153200.0";"1.939153"
"153210.0";"2.007792"
"153220.0";"1.994717"
"153230.0";"2.059596"
"153240.0";"2.016897"
"153250.0";"1.958408"
"153260.0";"1.98137"
"153270.0";"1.988694"
"153280.0";"1.975358"
"153290.0";"2.009752"
"153300.0";"1.965739"
"153310.0";"2.018293"
"153320.0";"2.057547"
"153330.0";"2.003502"
"153340.0";"1.970797"
"153350.0";"2.048996"
"153360.0";"1.934353"
"153370.0";"2.057064"
"153380.0";"1.993707"
"153390.0";"1.96374"
"153400.0";"1.995638"
"153410.0";"1.92595"
"153420.0";"1.955967"
"153430.0";"2.020152"
"153440.0";"1.995014"
"153450.0";"2.013156"
"153460.0";"1.944614"
"153470.0";"2.004109"
"153480.0";"2.061198"
"153490.0";"2.093798"
"153500.0";"1.974787"
"153510.0";"1.973436"
"153520.0";"1.995977"
"153530.0";"2.07562"
"153540.0";"2.0556"
"153550.0";"2.007393"
"153560.0";"2.008976"
"153570.0";"1.981695"
"153580.0";"2.025578"
"153590.0";"2.049217"
"153600.0";"2.032937"
"153610.0";"1.979553"
"153620.0";"1.951228"
"153630.0";"2.002845"
"153640.0";"1.970261"
"153650.0";"1.976001"
"153660.0";"1.960586"
"153670.0";"1.96349"
"153680.0";"1.965847"
"153690.0";"1.985813"
"153700.0";"2.037289"
"153710.0";"2.028385"
"153720.0";"2.029342"
"153730.0";"1.959653"
"153740.0";"2.060149"
"153750.0";"1.974438"
"153760.0";"2.04994"
"153770.0";"2.008036"
"153780.0";"1.998653"
"153790.0";"2.036545"
"153800.0";"1.924084"
"153810.0";"1.967253"
"153820.0";"1.921125"
"153830.0";"1.98583"
"153840.0";"1.927057"
"153850.0";"1.989807"
"153860.0";"2.045855"
"153870.0";"2.09848"
"153880.0";"2.095628"
"153890.0";"1.935661"
"153900.0";"1.91173"
"153910.0";"2.045357"
"153920.0";"2.019722"
"153930.0";"1.989749"
"153940.0";"1.947866"
"153950.0";"1.907737"
"153960.0";"1.869731"
"153970.0";"1.958"
"153980.0";"1.902055"
"153990.0";"2.000403"
"154000.0";"2.022357"
"154010.0";"2.009232"
"154020.0";"1.936267"
"154030.0";"1.959071"
"154040.0";"1.91746"
"154050.0";"1.924404"
"154060.0";"2.005372"
"154070.0";"1.926631"
"154080.0";"1.965873"
"154090.0";"1.906503"
"154100.0";"1.911335"
"154110.0";"1.964652"
"154120.0";"2.022089"
"154130.0";"1.911878"
"154140.0";"1.936748"
"154150.0";"1.975266"
"154160.0";"1.92545"
"154170.0";"1.932718"
"154180.0";"1.924565"
"154190.0";"1.880322"
"154200.0";"1.899175"
"154210.0";"1.971099"
"154220.0";"1.947771"
"154230.0";"1.942288"
"154240.0";"1.952631"
"154250.0";"1.995374"
"154260.0";"1.993029"
"154270.0";"1.994762"
"154280.0";"1.948891"
"154290.0";"1.97156"
"154300.0";"2.019777"
"154310.0";"2.050431"
"154320.0";"1.914687"
"154330.0";"1.972482"
"154340.0";"1.952171"
"154350.0";"1.959007"
"154360.0";"1.941064"
"154370.0";"1.88626"
"154380.0";"1.921328"
"154390.0";"1.92644"
"154400.0";"1.934801"
"154410.0";"1.942022"
"154420.0";"1.878964"
"154430.0";"1.942392"
"154440.0";"1.980357"
"154450.0";"1.953914"
"154460.0";"1.948533"
"154470.0";"1.932314"
"154480.0";"2.002655"
"154490.0";"1.963562"
"154500.0";"1.980851"
"154510.0";"1.98396"
"154520.0";"1.965566"
"154530.0";"2.00695"
"154540.0";"1.897976"
"154550.0";"1.872376"
"154560.0";"1.935756"
"154570.0";"1.919847"
"154580.0";"2.008061"
"154590.0";"2.036033"
"154600.0";"1.979153"
"154610.0";"2.038312"
"154620.0";"1.993975"
"154630.0";"1.970284"
"154640.0";"1.90119"
"154650.0";"1.97395"
"154660.0";"2.00319"
"154670.0";"2.083511"
"154680.0";"1.987776"
"154690.0";"2.016162"
"154700.0";"1.924068"
"154710.0";"1.942276"
"154720.0";"1.941989"
"154730.0";"1.89918"
"154740.0";"1.959199"
"154750.0";"2.006581"
"154760.0";"1.920991"
"154770.0";"1.956499"
"154780.0";"1.916737"
"154790.0";"1.897618"
"154800.0";"1.887405"
"154810.0";"1.926846"
"154820.0";"2.077576"
"154830.0";"1.983341"
"154840.0";"1.966827"
"154850.0";"1.994277"
"154860.0";"1.95284"
"154870.0";"1.946757"
"154880.0";"1.908705"
"154890.0";"1.925594"
"154900.0";"1.997679"
"154910.0";"1.939034"
"154920.0";"1.977322"
"154930.0";"1.954921"
"154940.0";"1.950338"
"154950.0";"1.990121"
"154960.0";"1.948315"
"154970.0";"1.976023"
"154980.0";"2.015397"
"154990.0";"2.018694"
"155000.0";"2.040755"
"155010.0";"1.986601"
"155020.0";"1.944119"
"155030.0";"2.034619"
"155040.0";"2.035559"
"155050.0";"2.09909"
"155060.0";"2.053303"
"155070.0";"2.040539"
"155080.0";"1.999218"
"155090.0";"1.998464"
"155100.0";"1.970946"
"155110.0";"1.949152"
"155120.0";"1.939259"
"155130.0";"1.97644"
"155140.0";"1.95048"
"155150.0";"2.055941"
"155160.0";"1.979686"
"155170.0";"2.037458"
"155180.0";"2.06308"
"155190.0";"2.038769"
"155200.0";"2.005123"
"155210.0";"1.960509"
"155220.0";"1.957933"
"155230.0";"1.981813"
"155240.0";"1.935528"
"155250.0";"1.932006"
"155260.0";"1.963819"
"155270.0";"2.00105"
"155280.0";"1.963353"
"155290.0";"1.949604"
"155300.0";"1.936622"
"155310.0";"1.985306"
"155320.0";"1.949789"
"155330.0";"1.921221"
"155340.0";"1.991418"
"155350.0";"1.994956"
"155360.0";"2.023667"
"155370.0";"2.010443"
"155380.0";"1.948072"
"155390.0";"1.936823"
"155400.0";"1.937463"
"155410.0";"1.906317"
"155420.0";"1.964908"
"155430.0";"1.937046"
"155440.0";"1.908203"
"155450.0";"1.977967"
"155460.0";"1.987578"
"155470.0";"1.922153"
"155480.0";"1.920811"
"155490.0";"2.042816"
"155500.0";"1.961107"
"155510.0";"2.049189"
"155520.0";"2.03569"
"155530.0";"2.107039"
"155540.0";"2.137491"
"155550.0";"2.128679"
"155560.0";"2.033347"
"155570.0";"2.026744"
"155580.0";"2.207472"
"155590.0";"2.068208"
"155600.0";"2.064905"
"155610.0";"2.280549"
"155620.0";"2.121089"
"155630.0";"2.092251"
"155640.0";"2.095304"
"155650.0";"2.254819"
"155660.0";"2.16187"
"155670.0";"2.039125"
"155680.0";"2.020955"
"155690.0";"1.933948"
"155700.0";"2.046231"
"155710.0";"1.982712"
"155720.0";"1.896511"
"155730.0";"1.880256"
"155740.0";"2.060317"
"155750.0";"2.0252"
"155760.0";"1.993315"
"155770.0";"1.94984"
"155780.0";"2.014402"
"155790.0";"2.029208"
"155800.0";"2.02366"
"155810.0";"2.047354"
"155820.0";"1.963387"
"155830.0";"2.010062"
"155840.0";"2.026833"
"155850.0";"1.957378"
"155860.0";"1.958463"
"155870.0";"2.005262"
"155880.0";"1.925223"
"155890.0";"1.954274"
"155900.0";"1.962405"
"155910.0";"1.933403"
"155920.0";"1.916944"
"155930.0";"1.983096"
"155940.0";"1.936785"
"155950.0";"1.911824"
"155960.0";"1.948092"
"155970.0";"1.999285"
"155980.0";"1.91826"
"155990.0";"1.978644"
"156000.0";"2.032353"
"156010.0";"2.082085"
"156020.0";"2.14"
"156030.0";"2.070464"
"156040.0";"2.183922"
"156050.0";"1.989715"
"156060.0";"2.064576"
"156070.0";"2.043221"
"156080.0";"2.123237"
"156090.0";"2.252553"
"156100.0";"2.129396"
"156110.0";"2.208763"
"156120.0";"2.08705"
"156130.0";"2.047262"
"156140.0";"2.027717"
"156150.0";"1.955107"
"156160.0";"2.039941"
"156170.0";"2.096678"
"156180.0";"2.060318"
"156190.0";"2.10312"
"156200.0";"1.950841"
"156210.0";"2.040268"
"156220.0";"1.989449"
"156230.0";"1.998621"
"156240.0";"2.020592"
"156250.0";"2.017248"
"156260.0";"2.003422"
"156270.0";"2.064489"
"156280.0";"2.208388"
"156290.0";"2.353705"
"156300.0";"2.410906"
"156310.0";"2.204365"
"156320.0";"2.149375"
"156330.0";"2.166773"
"156340.0";"2.112268"
"156350.0";"2.03962"
"156360.0";"2.048434"
"156370.0";"1.997948"
"156380.0";"1.928707"
"156390.0";"2.037411"
"156400.0";"2.068435"
"156410.0";"2.017293"
"156420.0";"2.083545"
"156430.0";"2.117429"
"156440.0";"2.099643"
"156450.0";"2.028621"
"156460.0";"2.066628"
"156470.0";"2.121821"
"156480.0";"2.109797"
"156490.0";"2.112612"
"156500.0";"2.065328"
"156510.0";"2.05357"
"156520.0";"2.121182"
"156530.0";"2.145886"
"156540.0";"2.131322"
"156550.0";"2.108526"
"156560.0";"1.996289"
"156570.0";"2.019233"
"156580.0";"1.933066"
"156590.0";"2.03159"
"156600.0";"1.992108"
"156610.0";"1.945878"
"156620.0";"2.03109"
"156630.0";"2.025485"
"156640.0";"1.950032"
"156650.0";"2.074658"
"156660.0";"2.009494"
"156670.0";"2.08017"
"156680.0";"2.030414"
"156690.0";"2.047122"
"156700.0";"1.980913"
"156710.0";"2.024891"
"156720.0";"2.118272"
"156730.0";"2.108521"
"156740.0";"1.999357"
"156750.0";"2.066016"
"156760.0";"2.060448"
"156770.0";"2.128742"
"156780.0";"2.027082"
"156790.0";"2.036843"
"156800.0";"2.021886"
"156810.0";"1.921212"
"156820.0";"1.969512"
"156830.0";"2.007457"
"156840.0";"2.001433"
"156850.0";"1.930912"
"156860.0";"1.998438"
"156870.0";"1.957638"
"156880.0";"2.020208"
"156890.0";"1.959655"
"156900.0";"1.958302"
"156910.0";"1.953413"
"156920.0";"1.898876"
"156930.0";"1.962142"
"156940.0";"2.004478"
"156950.0";"1.972837"
"156960.0";"1.992219"
"156970.0";"2.014439"
"156980.0";"1.990961"
"156990.0";"1.989064"
"157000.0";"2.311355"
"157010.0";"2.099774"
"157020.0";"2.101723"
"157030.0";"1.975648"
"157040.0";"2.139688"
"157050.0";"2.112634"
"157060.0";"2.031894"
"157070.0";"2.071619"
"157080.0";"2.108663"
"157090.0";"2.126943"
"157100.0";"2.164152"
"157110.0";"2.174988"
"157120.0";"2.131699"
"157130.0";"2.097434"
"157140.0";"2.075913"
"157150.0";"1.925706"
"157160.0";"2.096186"
"157170.0";"2.054148"
"157180.0";"2.095347"
"157190.0";"2.160753"
"157200.0";"2.135636"
"157210.0";"2.097749"
"157220.0";"2.203295"
"157230.0";"2.204354"
"157240.0";"2.484482"
"157250.0";"2.25942"
"157260.0";"2.225389"
"157270.0";"2.145123"
"157280.0";"2.028852"
"157290.0";"1.974885"
"157300.0";"1.968257"
"157310.0";"1.963307"
"157320.0";"1.93409"
"157330.0";"1.948073"
"157340.0";"1.987829"
"157350.0";"1.979934"
"157360.0";"2.03855"
"157370.0";"1.989121"
"157380.0";"1.955069"
"157390.0";"1.973927"
"157400.0";"1.945865"
"157410.0";"1.974968"
"157420.0";"1.910703"
"157430.0";"1.973696"
"157440.0";"1.978367"
"157450.0";"1.940361"
"157460.0";"1.924067"
"157470.0";"2.008099"
"157480.0";"2.05991"
"157490.0";"1.962086"
"157500.0";"2.015847"
"157510.0";"2.065505"
"157520.0";"1.93846"
"157530.0";"1.993733"
"157540.0";"1.972054"
"157550.0";"1.933747"
"157560.0";"1.978236"
"157570.0";"1.941271"
"157580.0";"1.941839"
"157590.0";"1.977612"
"157600.0";"1.971705"
"157610.0";"1.880216"
"157620.0";"1.890339"
"157630.0";"1.927507"
"157640.0";"1.995055"
"157650.0";"1.93528"
"157660.0";"2.024661"
"157670.0";"1.964437"
"157680.0";"2.014092"
"157690.0";"1.984198"
"157700.0";"1.895403"
"157710.0";"2.070177"
"157720.0";"1.9805"
"157730.0";"2.003567"
"157740.0";"2.007949"
"157750.0";"1.968078"
"157760.0";"1.997126"
"157770.0";"2.033408"
"157780.0";"2.011907"
"157790.0";"1.947191"
"157800.0";"1.982176"
"157810.0";"1.974158"
"157820.0";"1.977778"
"157830.0";"1.951671"
"157840.0";"1.921123"
"157850.0";"1.988315"
"157860.0";"2.037207"
"157870.0";"1.9979"
"157880.0";"1.997337"
"157890.0";"1.978906"
"157900.0";"1.977249"
"157910.0";"2.01081"
"157920.0";"1.99084"
"157930.0";"1.992949"
"157940.0";"1.952571"
"157950.0";"2.016142"
"157960.0";"2.000868"
"157970.0";"1.923703"
"157980.0";"2.007828"
"157990.0";"1.938775"
"158000.0";"2.000408"
"158010.0";"2.021781"
"158020.0";"2.030464"
"158030.0";"2.020563"
"158040.0";"1.991106"
"158050.0";"2.03141"
"158060.0";"2.038047"
"158070.0";"2.047417"
"158080.0";"1.980703"
"158090.0";"1.949492"
"158100.0";"1.999865"
"158110.0";"1.958001"
"158120.0";"1.95602"
"158130.0";"2.053247"
"158140.0";"2.007776"
"158150.0";"2.01853"
"158160.0";"1.988161"
"158170.0";"2.048235"
"158180.0";"1.986185"
"158190.0";"1.983936"
"158200.0";"1.992591"
"158210.0";"1.98154"
"158220.0";"1.938613"
"158230.0";"1.938892"
"158240.0";"1.942078"
"158250.0";"1.906251"
"158260.0";"1.920245"
"158270.0";"2.00211"
"158280.0";"2.033256"
"158290.0";"1.98162"
"158300.0";"1.962283"
"158310.0";"2.00045"
"158320.0";"1.969163"
"158330.0";"1.937238"
"158340.0";"1.971819"
"158350.0";"1.997365"
"158360.0";"1.978291"
"158370.0";"1.984582"
"158380.0";"1.981268"
"158390.0";"1.990251"
"158400.0";"2.013424"
"158410.0";"2.000117"
"158420.0";"2.01166"
"158430.0";"1.950801"
"158440.0";"2.013001"
"158450.0";"1.995366"
"158460.0";"1.993403"
"158470.0";"2.049152"
"158480.0";"2.001835"
"158490.0";"2.020264"
"158500.0";"1.973924"
"158510.0";"2.050769"
"158520.0";"1.981668"
"158530.0";"2.006164"
"158540.0";"1.99076"
"158550.0";"1.947459"
"158560.0";"1.985262"
"158570.0";"1.975114"
"158580.0";"1.968474"
"158590.0";"1.960056"
"158600.0";"1.983034"
"158610.0";"2.012515"
"158620.0";"1.963678"
"158630.0";"2.000444"
"158640.0";"2.034071"
"158650.0";"2.003173"
"158660.0";"1.998943"
"158670.0";"1.969768"
"158680.0";"1.93941"
"158690.0";"2.008986"
"158700.0";"2.004246"
"158710.0";"1.977996"
"158720.0";"1.966122"
"158730.0";"1.929965"
"158740.0";"1.97298"
"158750.0";"1.946876"
"158760.0";"1.983656"
"158770.0";"1.905844"
"158780.0";"1.909745"
"158790.0";"1.963657"
"158800.0";"1.945054"
"158810.0";"1.9504"
"158820.0";"1.982675"
"158830.0";"1.990481"
"158840.0";"1.958403"
"158850.0";"1.992202"
"158860.0";"1.999231"
"158870.0";"1.907748"
"158880.0";"2.03809"
"158890.0";"1.943001"
"158900.0";"1.989801"
"158910.0";"1.946939"
"158920.0";"1.959495"
"158930.0";"1.954428"
"158940.0";"1.930017"
"158950.0";"1.986887"
"158960.0";"1.970901"
"158970.0";"2.031913"
"158980.0";"2.021365"
"158990.0";"2.005225"
"159000.0";"1.984301"
"159010.0";"2.00728"
"159020.0";"1.976527"
"159030.0";"2.038476"
"159040.0";"1.921479"
"159050.0";"1.978136"
"159060.0";"1.93122"
"159070.0";"1.963864"
"159080.0";"2.007934"
"159090.0";"1.956539"
"159100.0";"1.924686"
"159110.0";"1.986284"
"159120.0";"1.927477"
"159130.0";"1.942073"
"159140.0";"1.901682"
"159150.0";"1.919667"
"159160.0";"1.8583"
"159170.0";"1.923993"
"159180.0";"1.855895"
"159190.0";"1.93104"
"159200.0";"2.036618"
"159210.0";"1.883828"
"159220.0";"1.96922"
"159230.0";"1.987762"
"159240.0";"1.954885"
"159250.0";"1.98862"
"159260.0";"2.006235"
"159270.0";"1.997847"
"159280.0";"2.022785"
"159290.0";"1.931446"
"159300.0";"2.015401"
"159310.0";"2.020557"
"159320.0";"1.990829"
"159330.0";"1.94938"
"159340.0";"2.020671"
"159350.0";"1.951561"
"159360.0";"1.969541"
"159370.0";"1.948106"
"159380.0";"1.959569"
"159390.0";"1.984093"
"159400.0";"2.017073"
"159410.0";"1.93531"
"159420.0";"1.950728"
"159430.0";"2.056751"
"159440.0";"1.946603"
"159450.0";"1.976317"
"159460.0";"1.995386"
"159470.0";"2.009511"
"159480.0";"1.960843"
"159490.0";"1.963912"
"159500.0";"1.906031"
"159510.0";"1.976879"
"159520.0";"1.954852"
"159530.0";"2.077272"
"159540.0";"2.02315"
"159550.0";"2.047253"
"159560.0";"2.044639"
"159570.0";"1.944714"
"159580.0";"1.979355"
"159590.0";"2.043537"
"159600.0";"1.936895"
"159610.0";"1.998197"
"159620.0";"1.970748"
"159630.0";"1.963466"
"159640.0";"1.935604"
"159650.0";"1.948108"
"159660.0";"1.944642"
"159670.0";"2.004211"
"159680.0";"1.955124"
"159690.0";"2.028553"
"159700.0";"1.972438"
"159710.0";"2.027042"
"159720.0";"2.020056"
"159730.0";"2.037637"
"159740.0";"2.04358"
"159750.0";"2.028039"
"159760.0";"2.019273"
"159770.0";"1.955374"
"159780.0";"1.958833"
"159790.0";"1.966829"
"159800.0";"1.943764"
"159810.0";"1.989318"
"159820.0";"1.975315"
"159830.0";"2.023785"
"159840.0";"2.028457"
"159850.0";"2.04921"
"159860.0";"1.979381"
"159870.0";"1.975916"
"159880.0";"2.048212"
"159890.0";"2.005658"
"159900.0";"1.893397"
"159910.0";"2.071425"
"159920.0";"1.964357"
"159930.0";"1.992822"
"159940.0";"1.993494"
"159950.0";"1.998597"
"159960.0";"1.892405"
"159970.0";"1.979931"
"159980.0";"2.020499"
"159990.0";"1.975803"
"160000.0";"2.038825"
"160010.0";"2.017124"
"160020.0";"1.994092"
"160030.0";"1.953708"
"160040.0";"1.930134"
"160050.0";"1.922766"
"160060.0";"1.986342"
"160070.0";"1.972727"
"160080.0";"1.999914"
"160090.0";"1.961405"
"160100.0";"2.053262"
"160110.0";"1.910764"
"160120.0";"1.912927"
"160130.0";"1.992574"
"160140.0";"1.958065"
"160150.0";"2.015414"
"160160.0";"2.046599"
"160170.0";"2.018845"
"160180.0";"2.044108"
"160190.0";"2.006663"
"160200.0";"1.973396"
"160210.0";"2.046531"
"160220.0";"2.016791"
"160230.0";"2.01131"
"160240.0";"1.95923"
"160250.0";"1.939788"
"160260.0";"1.91921"
"160270.0";"1.901463"
"160280.0";"1.974401"
"160290.0";"1.895291"
"160300.0";"1.989358"
"160310.0";"2.026077"
"160320.0";"1.870379"
"160330.0";"1.936689"
"160340.0";"1.979037"
"160350.0";"1.908848"
"160360.0";"1.914484"
"160370.0";"1.945246"
"160380.0";"1.96319"
"160390.0";"1.934889"
"160400.0";"1.932682"
"160410.0";"1.917529"
"160420.0";"1.985474"
"160430.0";"1.911706"
"160440.0";"1.866355"
"160450.0";"1.944121"
"160460.0";"1.917762"
"160470.0";"2.030076"
"160480.0";"1.944181"
"160490.0";"1.985568"
"160500.0";"2.003598"
"160510.0";"1.988659"
"160520.0";"1.89014"
"160530.0";"1.98229"
"160540.0";"2.062302"
"160550.0";"2.024201"
"160560.0";"1.998245"
"160570.0";"1.965739"
"160580.0";"1.984371"
"160590.0";"2.033444"
"160600.0";"2.113045"
"160610.0";"2.074249"
"160620.0";"2.039593"
"160630.0";"2.115232"
"160640.0";"1.999482"
"160650.0";"2.077833"
"160660.0";"2.103422"
"160670.0";"2.116277"
"160680.0";"2.10787"
"160690.0";"2.031252"
"160700.0";"2.01268"
"160710.0";"2.014337"
"160720.0";"2.044936"
"160730.0";"2.045203"
"160740.0";"2.088418"
"160750.0";"2.0104"
"160760.0";"2.050083"
"160770.0";"2.068069"
"160780.0";"2.015302"
"160790.0";"2.018108"
"160800.0";"1.977116"
"160810.0";"1.999255"
"160820.0";"1.954457"
"160830.0";"1.946623"
"160840.0";"1.925878"
"160850.0";"1.877531"
"160860.0";"1.959513"
"160870.0";"1.976001"
"160880.0";"2.070968"
"160890.0";"2.036273"
"160900.0";"1.957615"
"160910.0";"2.011543"
"160920.0";"2.074552"
"160930.0";"2.053716"
"160940.0";"2.006173"
"160950.0";"2.034968"
"160960.0";"1.964488"
"160970.0";"1.945988"
"160980.0";"1.872477"
"160990.0";"1.944242"
"161000.0";"1.910188"
"161010.0";"1.9033"
"161020.0";"1.924388"
"161030.0";"1.901406"
"161040.0";"1.89547"
"161050.0";"1.880673"
"161060.0";"1.934742"
"161070.0";"1.9524"
"161080.0";"2.031145"
"161090.0";"1.976381"
"161100.0";"1.976341"
"161110.0";"1.961419"
"161120.0";"1.943173"
"161130.0";"2.00247"
"161140.0";"1.982854"
"161150.0";"2.000609"
"161160.0";"1.911272"
"161170.0";"1.921588"
"161180.0";"1.993677"
"161190.0";"1.991642"
"161200.0";"1.919018"
"161210.0";"2.042637"
"161220.0";"2.044436"
"161230.0";"1.980012"
"161240.0";"1.881621"
"161250.0";"1.959888"
"161260.0";"2.005593"
"161270.0";"2.03636"
"161280.0";"1.998721"
"161290.0";"1.949394"
"161300.0";"2.033573"
"161310.0";"1.961842"
"161320.0";"2.038436"
"161330.0";"1.988761"
"161340.0";"1.974868"
"161350.0";"1.996865"
"161360.0";"1.993358"
"161370.0";"2.002963"
"161380.0";"2.020552"
"161390.0";"1.942222"
"161400.0";"2.062654"
"161410.0";"2.044138"
"161420.0";"1.998599"
"161430.0";"2.007248"
"161440.0";"2.005177"
"161450.0";"1.91603"
"161460.0";"1.911454"
"161470.0";"1.970649"
"161480.0";"1.986912"
"161490.0";"1.924609"
"161500.0";"1.995869"
"161510.0";"2.061234"
"161520.0";"2.099802"
"161530.0";"2.189563"
"161540.0";"2.062237"
"161550.0";"2.173787"
"161560.0";"2.252906"
"161570.0";"2.290147"
"161580.0";"2.197831"
"161590.0";"2.292177"
"161600.0";"2.207044"
"161610.0";"1.998407"
"161620.0";"1.970429"
"161630.0";"1.974505"
"161640.0";"1.994451"
"161650.0";"1.931307"
"161660.0";"2.000137"
"161670.0";"1.989533"
"161680.0";"2.042998"
"161690.0";"1.943725"
"161700.0";"1.988569"
"161710.0";"2.004573"
"161720.0";"2.019601"
"161730.0";"2.034352"
"161740.0";"2.003664"
"161750.0";"2.001901"
"161760.0";"1.946893"
"161770.0";"1.946507"
"161780.0";"2.042814"
"161790.0";"2.029604"
"161800.0";"2.060437"
"161810.0";"2.011092"
"161820.0";"1.97694"
"161830.0";"2.038963"
"161840.0";"2.028833"
"161850.0";"1.948299"
"161860.0";"2.067197"
"161870.0";"2.047323"
"161880.0";"2.024443"
"161890.0";"1.94994"
"161900.0";"1.988977"
"161910.0";"1.950622"
"161920.0";"2.032702"
"161930.0";"1.910679"
"161940.0";"1.945875"
"161950.0";"1.958308"
"161960.0";"1.956071"
"161970.0";"1.943158"
"161980.0";"2.02857"
"161990.0";"2.021788"
"162000.0";"2.005961"
"162010.0";"2.06092"
"162020.0";"2.073736"
"162030.0";"2.044367"
"162040.0";"2.037661"
"162050.0";"2.011905"
"162060.0";"2.016134"
"162070.0";"2.008623"
"162080.0";"1.983826"
"162090.0";"2.115918"
"162100.0";"2.023143"
"162110.0";"1.975714"
"162120.0";"2.018614"
"162130.0";"2.016399"
"162140.0";"2.054844"
"162150.0";"2.041116"
"162160.0";"2.024291"
"162170.0";"1.985965"
"162180.0";"2.019625"
"162190.0";"2.019654"
"162200.0";"1.978549"
"162210.0";"1.97454"
"162220.0";"2.040404"
"162230.0";"2.086002"
"162240.0";"2.035778"
"162250.0";"2.045644"
"162260.0";"2.048289"
"162270.0";"2.105004"
"162280.0";"2.015201"
"162290.0";"2.109062"
"162300.0";"1.987248"
"162310.0";"2.01328"
"162320.0";"2.021985"
"162330.0";"1.991072"
"162340.0";"1.938979"
"162350.0";"1.939196"
"162360.0";"1.997372"
"162370.0";"1.974059"
"162380.0";"1.987494"
"162390.0";"1.996232"
"162400.0";"1.97936"
"162410.0";"2.017195"
"162420.0";"1.952756"
"162430.0";"1.927988"
"162440.0";"2.007746"
"162450.0";"1.973254"
"162460.0";"1.926379"
"162470.0";"1.975358"
"162480.0";"1.969028"
"162490.0";"1.999098"
"162500.0";"1.982789"
"162510.0";"2.058841"
"162520.0";"1.989768"
"162530.0";"1.99353"
"162540.0";"2.017869"
"162550.0";"2.001279"
"162560.0";"1.951429"
"162570.0";"2.051699"
"162580.0";"2.037745"
"162590.0";"2.008596"
"162600.0";"2.023049"
"162610.0";"2.031453"
"162620.0";"1.990633"
"162630.0";"1.833608"
"162640.0";"1.894419"
"162650.0";"1.944063"
"162660.0";"1.97375"
"162670.0";"1.931641"
"162680.0";"1.999998"
"162690.0";"1.994093"
"162700.0";"1.980711"
"162710.0";"1.994731"
"162720.0";"1.997638"
"162730.0";"1.943751"
"162740.0";"1.947288"
"162750.0";"1.941983"
"162760.0";"1.9129"
"162770.0";"1.941258"
"162780.0";"1.947631"
"162790.0";"1.870988"
"162800.0";"1.94458"
"162810.0";"1.949325"
"162820.0";"1.985314"
"162830.0";"2.00735"
"162840.0";"2.020115"
"162850.0";"2.072113"
"162860.0";"1.96498"
"162870.0";"1.912789"
"162880.0";"1.97879"
"162890.0";"1.960209"
"162900.0";"1.950695"
"162910.0";"1.998696"
"162920.0";"1.923094"
"162930.0";"1.883989"
"162940.0";"1.883493"
"162950.0";"1.983454"
"162960.0";"1.921311"
"162970.0";"1.929764"
"162980.0";"1.978341"
"162990.0";"2.02441"
"163000.0";"2.028806"
"163010.0";"2.037892"
"163020.0";"2.030693"
"163030.0";"1.995601"
"163040.0";"2.024829"
"163050.0";"2.019803"
"163060.0";"1.997708"
"163070.0";"2.030733"
"163080.0";"2.005495"
"163090.0";"2.050966"
"163100.0";"1.907744"
"163110.0";"1.984694"
"163120.0";"1.994439"
"163130.0";"1.982863"
"163140.0";"1.979858"
"163150.0";"1.972179"
"163160.0";"1.911833"
"163170.0";"1.919608"
"163180.0";"1.947937"
"163190.0";"1.935473"
"163200.0";"2.015019"
"163210.0";"1.962907"
"163220.0";"2.017048"
"163230.0";"1.964551"
"163240.0";"1.979273"
"163250.0";"2.044595"
"163260.0";"2.222936"
"163270.0";"2.094223"
"163280.0";"2.130528"
"163290.0";"2.193085"
"163300.0";"2.253748"
"163310.0";"2.263555"
"163320.0";"2.230825"
"163330.0";"2.367539"
"163340.0";"2.40292"
"163350.0";"2.234496"
"163360.0";"2.203164"
"163370.0";"2.262798"
"163380.0";"2.311811"
"163390.0";"2.480365"
"163400.0";"2.231208"
"163410.0";"2.196538"
"163420.0";"2.28983"
"163430.0";"2.301851"
"163440.0";"2.267668"
"163450.0";"2.407755"
"163460.0";"2.45777"
"163470.0";"2.20228"
"163480.0";"2.431466"
"163490.0";"2.509907"
"163500.0";"2.568859"
"163510.0";"2.430358"
"163520.0";"2.327139"
"163530.0";"2.527994"
"163540.0";"2.485476"
"163550.0";"2.343428"
"163560.0";"2.375507"
"163570.0";"2.34321"
"163580.0";"2.354868"
"163590.0";"2.359994"
"163600.0";"2.396192"
"163610.0";"2.323848"
"163620.0";"2.492867"
"163630.0";"2.472003"
"163640.0";"2.362942"
"163650.0";"2.499493"
"163660.0";"2.47485"
"163670.0";"2.400909"
"163680.0";"2.518303"
"163690.0";"2.486804"
"163700.0";"2.352348"
"163710.0";"2.382989"
"163720.0";"2.378189"
"163730.0";"2.40301"
"163740.0";"2.275904"
"163750.0";"2.41383"
"163760.0";"2.250346"
"163770.0";"2.304484"
"163780.0";"2.280214"
"163790.0";"2.261705"
"163800.0";"2.261128"
"163810.0";"2.27161"
"163820.0";"2.37911"
"163830.0";"2.280218"
"163840.0";"2.343579"
"163850.0";"2.421237"
"163860.0";"2.241604"
"163870.0";"2.295295"
"163880.0";"2.264446"
"163890.0";"2.286337"
"163900.0";"2.379206"
"163910.0";"2.286495"
"163920.0";"2.287483"
"163930.0";"2.402146"
"163940.0";"2.288989"
"163950.0";"2.32541"
"163960.0";"2.268809"
"163970.0";"2.311866"
"163980.0";"2.403716"
"163990.0";"2.41572"
"164000.0";"2.476164"
"164010.0";"2.347672"
"164020.0";"2.378246"
"164030.0";"2.361677"
"164040.0";"2.293194"
"164050.0";"2.264792"
"164060.0";"2.260353"
"164070.0";"2.280408"
"164080.0";"2.218607"
"164090.0";"2.270941"
"164100.0";"2.24585"
"164110.0";"2.243353"
"164120.0";"2.253971"
"164130.0";"2.068506"
"164140.0";"2.255342"
"164150.0";"2.207281"
"164160.0";"2.143045"
"164170.0";"2.081831"
"164180.0";"1.997628"
"164190.0";"2.012392"
"164200.0";"2.055282"
"164210.0";"1.949363"
"164220.0";"2.020875"
"164230.0";"1.921485"
"164240.0";"2.012676"
"164250.0";"1.957627"
"164260.0";"1.983757"
"164270.0";"2.038642"
"164280.0";"1.996416"
"164290.0";"2.024004"
"164300.0";"1.962481"
"164310.0";"1.963859"
"164320.0";"1.92314"
"164330.0";"1.947487"
"164340.0";"1.884779"
"164350.0";"1.907194"
"164360.0";"1.825731"
"164370.0";"1.966799"
"164380.0";"1.904016"
"164390.0";"2.003554"
"164400.0";"1.975598"
"164410.0";"1.990552"
"164420.0";"1.98743"
"164430.0";"1.899835"
"164440.0";"1.929848"
"164450.0";"1.970012"
"164460.0";"1.898458"
"164470.0";"1.916781"
"164480.0";"1.869693"
"164490.0";"1.872074"
"164500.0";"1.972506"
"164510.0";"1.938345"
"164520.0";"1.963601"
"164530.0";"1.922609"
"164540.0";"1.950663"
"164550.0";"1.93463"
"164560.0";"1.925567"
"164570.0";"1.898844"
"164580.0";"1.916022"
"164590.0";"1.992917"
"164600.0";"1.912816"
"164610.0";"1.905091"
"164620.0";"1.916193"
"164630.0";"1.960928"
"164640.0";"1.888738"
"164650.0";"1.962224"
"164660.0";"1.937147"
"164670.0";"2.002389"
"164680.0";"1.921297"
"164690.0";"1.985256"
"164700.0";"1.983364"
"164710.0";"1.945143"
"164720.0";"1.972939"
"164730.0";"1.913061"
"164740.0";"1.946052"
"164750.0";"2.00423"
"164760.0";"2.014676"
"164770.0";"2.018042"
"164780.0";"1.974406"
"164790.0";"2.034205"
"164800.0";"2.020185"
"164810.0";"1.969239"
"164820.0";"1.98542"
"164830.0";"1.959252"
"164840.0";"1.969923"
"164850.0";"1.919194"
"164860.0";"1.988965"
"164870.0";"1.984931"
"164880.0";"1.975867"
"164890.0";"1.915239"
"164900.0";"1.921362"
"164910.0";"1.968709"
"164920.0";"1.973612"
"164930.0";"1.988441"
"164940.0";"1.947898"
"164950.0";"2.029204"
"164960.0";"1.998493"
"164970.0";"2.003805"
"164980.0";"2.012106"
"164990.0";"1.935917"
"165000.0";"1.962559"
"165010.0";"1.989768"
"165020.0";"1.960501"
"165030.0";"1.970203"
"165040.0";"1.989584"
"165050.0";"1.973606"
"165060.0";"1.953377"
"165070.0";"1.926845"
"165080.0";"2.003944"
"165090.0";"1.944421"
"165100.0";"1.951347"
"165110.0";"1.968286"
"165120.0";"1.966394"
"165130.0";"2.056663"
"165140.0";"2.070927"
"165150.0";"2.009138"
"165160.0";"2.002689"
"165170.0";"2.005752"
"165180.0";"1.954363"
"165190.0";"1.995043"
"165200.0";"1.993766"
"165210.0";"1.989598"
"165220.0";"1.978313"
"165230.0";"1.944654"
"165240.0";"1.918569"
"165250.0";"1.958016"
"165260.0";"1.936365"
"165270.0";"1.897568"
"165280.0";"1.962598"
"165290.0";"1.89824"
"165300.0";"1.916783"
"165310.0";"1.982128"
"165320.0";"1.891092"
"165330.0";"1.938739"
"165340.0";"2.000747"
"165350.0";"1.987554"
"165360.0";"1.967682"
"165370.0";"2.144254"
"165380.0";"2.025229"
"165390.0";"2.032289"
"165400.0";"2.017502"
"165410.0";"1.950338"
"165420.0";"2.06921"
"165430.0";"1.994316"
"165440.0";"2.009147"
"165450.0";"2.027012"
"165460.0";"1.981544"
"165470.0";"2.017976"
"165480.0";"1.982814"
"165490.0";"1.953727"
"165500.0";"1.942115"
"165510.0";"1.921384"
"165520.0";"1.959353"
"165530.0";"2.026109"
"165540.0";"2.009866"
"165550.0";"2.041578"
"165560.0";"2.030948"
"165570.0";"2.03918"
"165580.0";"2.057201"
"165590.0";"2.060607"
"165600.0";"2.048526"
"165610.0";"2.149425"
"165620.0";"2.134209"
"165630.0";"2.087729"
"165640.0";"2.046446"
"165650.0";"2.032675"
"165660.0";"2.075682"
"165670.0";"2.118244"
"165680.0";"2.057897"
"165690.0";"1.936551"
"165700.0";"1.959609"
"165710.0";"1.967088"
"165720.0";"1.954847"
"165730.0";"2.031638"
"165740.0";"2.006635"
"165750.0";"1.964266"
"165760.0";"1.935059"
"165770.0";"1.945669"
"165780.0";"1.97431"
"165790.0";"1.926875"
"165800.0";"1.905393"
"165810.0";"1.944715"
"165820.0";"1.931731"
"165830.0";"2.012567"
"165840.0";"1.915682"
"165850.0";"1.988534"
"165860.0";"1.938985"
"165870.0";"1.963083"
"165880.0";"1.988118"
"165890.0";"2.068336"
"165900.0";"1.998785"
"165910.0";"1.925159"
"165920.0";"1.978566"
"165930.0";"2.002212"
"165940.0";"2.004862"
"165950.0";"2.05893"
"165960.0";"2.05297"
"165970.0";"2.031206"
"165980.0";"2.008583"
"165990.0";"2.042435"
"166000.0";"1.963303"
"166010.0";"1.946674"
"166020.0";"2.005625"
"166030.0";"1.991093"
"166040.0";"2.017377"
"166050.0";"1.987658"
"166060.0";"1.936201"
"166070.0";"1.948295"
"166080.0";"1.981664"
"166090.0";"1.967989"
"166100.0";"2.024738"
"166110.0";"1.970021"
"166120.0";"1.937162"
"166130.0";"1.952715"
"166140.0";"2.016616"
"166150.0";"2.001933"
"166160.0";"2.000724"
"166170.0";"1.985497"
"166180.0";"2.074048"
"166190.0";"2.03792"
"166200.0";"2.069229"
"166210.0";"1.937708"
"166220.0";"1.989041"
"166230.0";"2.060381"
"166240.0";"2.067014"
"166250.0";"1.967138"
"166260.0";"1.974261"
"166270.0";"1.959448"
"166280.0";"1.972275"
"166290.0";"2.036356"
"166300.0";"2.041975"
"166310.0";"2.0354"
"166320.0";"2.057477"
"166330.0";"1.992159"
"166340.0";"1.993746"
"166350.0";"2.003887"
"166360.0";"2.057533"
"166370.0";"1.974314"
"166380.0";"1.945585"
"166390.0";"2.021738"
"166400.0";"2.051943"
"166410.0";"2.034996"
"166420.0";"1.981035"
"166430.0";"1.974584"
"166440.0";"1.900944"
"166450.0";"1.99279"
"166460.0";"1.966123"
"166470.0";"1.952641"
"166480.0";"1.946302"
"166490.0";"2.043599"
"166500.0";"1.979199"
"166510.0";"2.026115"
"166520.0";"2.016732"
"166530.0";"2.036234"
"166540.0";"2.021378"
"166550.0";"1.955804"
"166560.0";"1.985337"
"166570.0";"2.00042"
"166580.0";"1.930002"
"166590.0";"2.012764"
"166600.0";"1.973449"
"166610.0";"2.003148"
"166620.0";"1.938612"
"166630.0";"1.933112"
"166640.0";"1.94466"
"166650.0";"1.985137"
"166660.0";"1.996542"
"166670.0";"1.93921"
"166680.0";"2.009532"
"166690.0";"1.964659"
"166700.0";"1.978732"
"166710.0";"2.0"
"166720.0";"1.980476"
"166730.0";"2.033815"
"166740.0";"1.979006"
"166750.0";"1.998976"
"166760.0";"1.982097"
"166770.0";"1.976384"
"166780.0";"1.991842"
"166790.0";"1.944157"
"166800.0";"2.028191"
"166810.0";"1.972871"
"166820.0";"1.959942"
"166830.0";"1.972649"
"166840.0";"1.917926"
"166850.0";"2.028547"
"166860.0";"1.992993"
"166870.0";"1.976731"
"166880.0";"1.918896"
"166890.0";"1.967653"
"166900.0";"1.972344"
"166910.0";"1.999949"
"166920.0";"1.993507"
"166930.0";"1.964599"
"166940.0";"1.987601"
"166950.0";"1.975599"
"166960.0";"1.981073"
"166970.0";"1.943875"
"166980.0";"1.990036"
"166990.0";"2.043634"
"167000.0";"2.006884"
"167010.0";"2.03542"
"167020.0";"2.018999"
"167030.0";"2.033111"
"167040.0";"2.08094"
"167050.0";"1.981706"
"167060.0";"2.040975"
"167070.0";"2.035138"
"167080.0";"1.97352"
"167090.0";"2.014211"
"167100.0";"2.010921"
"167110.0";"2.027887"
"167120.0";"2.061911"
"167130.0";"2.095308"
"167140.0";"2.092587"
"167150.0";"2.046344"
"167160.0";"2.046668"
"167170.0";"2.094512"
"167180.0";"1.963607"
"167190.0";"2.055527"
"167200.0";"1.980528"
"167210.0";"2.052607"
"167220.0";"2.037022"
"167230.0";"2.02038"
"167240.0";"2.050687"
"167250.0";"2.079795"
"167260.0";"2.015938"
"167270.0";"2.033984"
"167280.0";"1.977525"
"167290.0";"1.994591"
"167300.0";"2.046998"
"167310.0";"2.068679"
"167320.0";"1.99692"
"167330.0";"2.054961"
"167340.0";"2.024098"
"167350.0";"1.999788"
"167360.0";"1.99406"
"167370.0";"2.001856"
"167380.0";"2.017805"
"167390.0";"2.012168"
"167400.0";"2.006296"
"167410.0";"2.018061"
"167420.0";"2.019432"
"167430.0";"2.004703"
"167440.0";"1.912507"
"167450.0";"2.01749"
"167460.0";"2.026104"
"167470.0";"1.944651"
"167480.0";"2.018922"
"167490.0";"2.006056"
"167500.0";"2.043074"
"167510.0";"1.993952"
"167520.0";"1.984264"
"167530.0";"2.026285"
"167540.0";"1.910804"
"167550.0";"1.999425"
"167560.0";"2.012433"
"167570.0";"2.031003"
"167580.0";"2.029584"
"167590.0";"1.992429"
"167600.0";"1.943546"
"167610.0";"1.995293"
"167620.0";"2.041698"
"167630.0";"1.97506"
"167640.0";"1.980745"
"167650.0";"1.985503"
"167660.0";"1.989033"
"167670.0";"2.071235"
"167680.0";"1.980607"
"167690.0";"1.980221"
"167700.0";"1.952247"
"167710.0";"2.061765"
"167720.0";"2.026881"
"167730.0";"2.047986"
"167740.0";"1.999079"
"167750.0";"2.007811"
"167760.0";"2.050494"
"167770.0";"2.043503"
"167780.0";"1.991364"
"167790.0";"2.044211"
"167800.0";"2.00801"
"167810.0";"2.046221"
"167820.0";"2.008327"
"167830.0";"1.969951"
"167840.0";"2.005617"
"167850.0";"2.013547"
"167860.0";"1.975702"
"167870.0";"2.06417"
"167880.0";"2.050133"
"167890.0";"2.068963"
"167900.0";"2.058015"
"167910.0";"2.003816"
"167920.0";"1.977846"
"167930.0";"2.06293"
"167940.0";"1.982609"
"167950.0";"2.040734"
"167960.0";"2.001791"
"167970.0";"2.015313"
"167980.0";"2.017395"
"167990.0";"1.98415"
"168000.0";"1.996119"
"168010.0";"1.952285"
"168020.0";"1.99424"
"168030.0";"2.004701"
"168040.0";"2.05583"
"168050.0";"1.982205"
"168060.0";"2.057283"
"168070.0";"2.002778"
"168080.0";"1.978259"
"168090.0";"2.002687"
"168100.0";"1.993132"
"168110.0";"1.979691"
"168120.0";"2.043094"
"168130.0";"2.007515"
"168140.0";"2.032183"
"168150.0";"1.969332"
"168160.0";"2.010236"
"168170.0";"2.022885"
"168180.0";"2.001461"
"168190.0";"2.031886"
"168200.0";"1.945192"
"168210.0";"1.975462"
"168220.0";"2.007539"
"168230.0";"2.014874"
"168240.0";"2.06318"
"168250.0";"1.986888"
"168260.0";"2.06435"
"168270.0";"1.958696"
"168280.0";"2.082686"
"168290.0";"2.060581"
"168300.0";"1.937793"
"168310.0";"2.016436"
"168320.0";"2.006325"
"168330.0";"1.995466"
"168340.0";"2.019877"
"168350.0";"2.004026"
"168360.0";"2.007853"
"168370.0";"2.00461"
"168380.0";"1.998682"
"168390.0";"2.001796"
"168400.0";"1.994375"
"168410.0";"1.988659"
"168420.0";"2.045765"
"168430.0";"1.989321"
"168440.0";"2.006446"
"168450.0";"2.01395"
"168460.0";"2.029986"
"168470.0";"1.958125"
"168480.0";"2.041028"
"168490.0";"2.018674"
"168500.0";"2.024937"
"168510.0";"1.990518"
"168520.0";"1.974345"
"168530.0";"2.039167"
"168540.0";"1.995519"
"168550.0";"2.011523"
"168560.0";"2.009541"
"168570.0";"2.048748"
"168580.0";"2.018632"
"168590.0";"1.98635"
"168600.0";"1.97142"
"168610.0";"1.980356"
"168620.0";"1.967395"
"168630.0";"2.016706"
"168640.0";"1.994812"
"168650.0";"1.996588"
"168660.0";"2.016253"
"168670.0";"2.051702"
"168680.0";"1.987734"
"168690.0";"1.997669"
"168700.0";"2.008805"
"168710.0";"1.992779"
"168720.0";"1.996895"
"168730.0";"2.007593"
"168740.0";"1.955296"
"168750.0";"1.965178"
"168760.0";"2.016186"
"168770.0";"2.031461"
"168780.0";"2.020608"
"168790.0";"2.007162"
"168800.0";"1.965896"
"168810.0";"1.984226"
"168820.0";"1.941107"
"168830.0";"2.113763"
"168840.0";"2.047689"
"168850.0";"1.974989"
"168860.0";"1.973325"
"168870.0";"1.978497"
"168880.0";"1.959678"
"168890.0";"2.010622"
"168900.0";"2.039299"
"168910.0";"2.002151"
"168920.0";"2.003662"
"168930.0";"2.044314"
"168940.0";"2.01324"
"168950.0";"2.007352"
"168960.0";"2.014401"
"168970.0";"2.04671"
"168980.0";"1.974229"
"168990.0";"2.007281"
"169000.0";"2.020906"
"169010.0";"1.977559"
"169020.0";"2.043692"
"169030.0";"2.037781"
"169040.0";"1.986504"
"169050.0";"2.038821"
"169060.0";"2.050653"
"169070.0";"2.033583"
"169080.0";"2.076272"
"169090.0";"2.023947"
"169100.0";"2.04547"
"169110.0";"1.97516"
"169120.0";"2.013159"
"169130.0";"1.989119"
"169140.0";"1.984426"
"169150.0";"2.029601"
"169160.0";"2.013165"
"169170.0";"2.04639"
"169180.0";"2.01952"
"169190.0";"2.054102"
"169200.0";"1.991546"
"169210.0";"2.024274"
"169220.0";"2.048669"
"169230.0";"2.054532"
"169240.0";"1.943442"
"169250.0";"2.019212"
"169260.0";"2.042077"
"169270.0";"2.024798"
"169280.0";"2.078469"
"169290.0";"2.029084"
"169300.0";"2.040339"
"169310.0";"2.043215"
"169320.0";"2.040782"
"169330.0";"1.96781"
"169340.0";"1.994784"
"169350.0";"1.990391"
"169360.0";"2.022011"
"169370.0";"2.046793"
"169380.0";"2.006165"
"169390.0";"2.058697"
"169400.0";"2.025481"
"169410.0";"2.081614"
"169420.0";"1.993752"
"169430.0";"1.995739"
"169440.0";"1.977486"
"169450.0";"2.022921"
"169460.0";"1.986494"
"169470.0";"2.038079"
"169480.0";"2.021608"
"169490.0";"2.034544"
"169500.0";"2.071668"
"169510.0";"2.020254"
"169520.0";"2.003014"
"169530.0";"2.061339"
"169540.0";"2.052506"
"169550.0";"2.021431"
"169560.0";"2.036381"
"169570.0";"2.022965"
"169580.0";"2.031491"
"169590.0";"1.99274"
"169600.0";"1.949459"
"169610.0";"2.000995"
"169620.0";"1.976169"
"169630.0";"2.038388"
"169640.0";"1.99091"
"169650.0";"2.025527"
"169660.0";"2.055888"
"169670.0";"2.037031"
"169680.0";"1.998691"
"169690.0";"2.004404"
"169700.0";"1.98156"
"169710.0";"2.009907"
"169720.0";"2.00878"
"169730.0";"2.05633"
"169740.0";"2.039137"
"169750.0";"2.014832"
"169760.0";"2.039956"
"169770.0";"2.079226"
"169780.0";"2.06995"
"169790.0";"2.125732"
"169800.0";"1.980846"
"169810.0";"2.003462"
"169820.0";"2.01637"
"169830.0";"2.034374"
"169840.0";"2.090465"
"169850.0";"2.100434"
"169860.0";"2.117614"
"169870.0";"2.097275"
"169880.0";"2.03045"
"169890.0";"2.068998"
"169900.0";"2.049579"
"169910.0";"2.030329"
"169920.0";"2.098113"
"169930.0";"2.007249"
"169940.0";"2.019591"
"169950.0";"2.042486"
"169960.0";"2.015414"
"169970.0";"2.062615"
"169980.0";"1.97936"
"169990.0";"2.009571"
"170000.0";"2.010674"
"170010.0";"2.039791"
"170020.0";"2.078009"
"170030.0";"2.093309"
"170040.0";"2.004026"
"170050.0";"2.006515"
"170060.0";"2.03136"
"170070.0";"1.906385"
"170080.0";"2.037917"
"170090.0";"1.941582"
"170100.0";"2.017164"
"170110.0";"2.091707"
"170120.0";"2.127256"
"170130.0";"2.122209"
"170140.0";"2.072302"
"170150.0";"2.086973"
"170160.0";"2.116065"
"170170.0";"2.096542"
"170180.0";"2.060006"
"170190.0";"2.011679"
"170200.0";"2.009924"
"170210.0";"2.027988"
"170220.0";"2.020798"
"170230.0";"1.988434"
"170240.0";"1.950351"
"170250.0";"1.987121"
"170260.0";"1.894171"
"170270.0";"2.053448"
"170280.0";"2.062158"
"170290.0";"1.970415"
"170300.0";"2.013516"
"170310.0";"1.938149"
"170320.0";"1.934217"
"170330.0";"1.95414"
"170340.0";"2.014353"
"170350.0";"2.075134"
"170360.0";"1.998087"
"170370.0";"1.986136"
"170380.0";"1.977216"
"170390.0";"2.11097"
"170400.0";"1.996407"
"170410.0";"2.011049"
"170420.0";"2.037756"
"170430.0";"2.043709"
"170440.0";"2.188272"
"170450.0";"2.118382"
"170460.0";"2.16654"
"170470.0";"2.075014"
"170480.0";"2.043797"
"170490.0";"2.007892"
"170500.0";"2.09182"
"170510.0";"2.078066"
"170520.0";"2.059538"
"170530.0";"2.138778"
"170540.0";"2.080961"
"170550.0";"2.123575"
"170560.0";"2.157438"
"170570.0";"2.110548"
"170580.0";"2.019964"
"170590.0";"2.027343"
"170600.0";"1.984752"
"170610.0";"2.045225"
"170620.0";"1.992919"
"170630.0";"2.052973"
"170640.0";"2.068324"
"170650.0";"2.013702"
"170660.0";"2.021082"
"170670.0";"1.940036"
"170680.0";"1.936776"
"170690.0";"2.010789"
"170700.0";"2.004507"
"170710.0";"2.050379"
"170720.0";"1.98849"
"170730.0";"2.164036"
"170740.0";"2.089453"
"170750.0";"2.032811"
"170760.0";"2.061226"
"170770.0";"2.150614"
"170780.0";"2.061934"
"170790.0";"2.03293"
"170800.0";"2.104385"
"170810.0";"2.132624"
"170820.0";"2.103915"
"170830.0";"2.093386"
"170840.0";"2.033743"
"170850.0";"2.045714"
"170860.0";"2.036124"
"170870.0";"2.040066"
"170880.0";"2.058144"
"170890.0";"2.1172"
"170900.0";"2.038498"
"170910.0";"2.098557"
"170920.0";"2.103711"
"170930.0";"2.070344"
"170940.0";"2.12671"
"170950.0";"2.093938"
"170960.0";"2.121023"
"170970.0";"2.101683"
"170980.0";"2.086864"
"170990.0";"2.152916"
"171000.0";"2.064713"
"171010.0";"2.025626"
"171020.0";"2.097687"
"171030.0";"2.04821"
"171040.0";"2.092144"
"171050.0";"2.103626"
"171060.0";"2.041625"
"171070.0";"2.066547"
"171080.0";"2.024901"
"171090.0";"2.072556"
"171100.0";"2.072868"
"171110.0";"2.059603"
"171120.0";"2.038263"
"171130.0";"1.980543"
"171140.0";"2.037269"
"171150.0";"2.011079"
"171160.0";"2.075008"
"171170.0";"2.039942"
"171180.0";"1.999224"
"171190.0";"2.025375"
"171200.0";"2.110068"
"171210.0";"2.032781"
"171220.0";"2.003564"
"171230.0";"2.041125"
"171240.0";"2.052369"
"171250.0";"1.990888"
"171260.0";"1.969678"
"171270.0";"2.075497"
"171280.0";"2.129414"
"171290.0";"2.109008"
"171300.0";"2.165432"
"171310.0";"2.089309"
"171320.0";"2.076746"
"171330.0";"2.041578"
"171340.0";"2.039179"
"171350.0";"2.001076"
"171360.0";"2.072726"
"171370.0";"2.016243"
"171380.0";"2.022204"
"171390.0";"2.005346"
"171400.0";"1.939865"
"171410.0";"1.957143"
"171420.0";"2.035844"
"171430.0";"2.04892"
"171440.0";"2.017655"
"171450.0";"2.001589"
"171460.0";"1.997341"
"171470.0";"1.948569"
"171480.0";"2.037077"
"171490.0";"2.08303"
"171500.0";"2.008121"
"171510.0";"1.957941"
"171520.0";"1.960569"
"171530.0";"2.067324"
"171540.0";"1.972932"
"171550.0";"1.98815"
"171560.0";"2.026742"
"171570.0";"1.990159"
"171580.0";"2.088747"
"171590.0";"2.146667"
"171600.0";"2.088019"
"171610.0";"1.995164"
"171620.0";"2.065454"
"171630.0";"2.041497"
"171640.0";"2.020777"
"171650.0";"2.02193"
"171660.0";"2.048137"
"171670.0";"2.027241"
"171680.0";"2.048736"
"171690.0";"2.036282"
"171700.0";"2.111624"
"171710.0";"2.073483"
"171720.0";"2.04376"
"171730.0";"1.977332"
"171740.0";"2.052048"
"171750.0";"2.046771"
"171760.0";"2.032655"
"171770.0";"2.056331"
"171780.0";"2.008321"
"171790.0";"2.035491"
"171800.0";"2.117098"
"171810.0";"2.073467"
"171820.0";"2.096722"
"171830.0";"2.081686"
"171840.0";"2.062342"
"171850.0";"2.109535"
"171860.0";"2.0259"
"171870.0";"2.04059"
"171880.0";"2.044525"
"171890.0";"2.080147"
"171900.0";"2.03393"
"171910.0";"1.917839"
"171920.0";"2.027647"
"171930.0";"2.071209"
"171940.0";"2.006059"
"171950.0";"2.119823"
"171960.0";"2.097109"
"171970.0";"2.082295"
"171980.0";"2.005341"
"171990.0";"2.066444"
"172000.0";"2.024337"
"172010.0";"2.09291"
"172020.0";"2.059462"
"172030.0";"2.119059"
"172040.0";"2.016738"
"172050.0";"2.095752"
"172060.0";"2.089033"
"172070.0";"2.032508"
"172080.0";"2.124161"
"172090.0";"2.14882"
"172100.0";"2.045648"
"172110.0";"1.970512"
"172120.0";"1.993043"
"172130.0";"2.016624"
"172140.0";"2.02463"
"172150.0";"1.972017"
"172160.0";"1.971325"
"172170.0";"1.976937"
"172180.0";"1.957767"
"172190.0";"1.956879"
"172200.0";"1.937296"
"172210.0";"1.967928"
"172220.0";"1.964988"
"172230.0";"1.989649"
"172240.0";"2.00945"
"172250.0";"1.976845"
"172260.0";"1.95093"
"172270.0";"1.978977"
"172280.0";"1.987933"
"172290.0";"1.90335"
"172300.0";"2.035105"
"172310.0";"2.051286"
"172320.0";"2.065178"
"172330.0";"1.96483"
"172340.0";"1.979228"
"172350.0";"2.00054"
"172360.0";"2.020449"
"172370.0";"1.950851"
"172380.0";"1.990781"
"172390.0";"2.049852"
"172400.0";"2.011158"
"172410.0";"2.054321"
"172420.0";"2.034387"
"172430.0";"2.003608"
"172440.0";"2.004321"
"172450.0";"2.000337"
"172460.0";"1.955383"
"172470.0";"2.028037"
"172480.0";"2.010945"
"172490.0";"1.917453"
"172500.0";"1.987164"
"172510.0";"1.991365"
"172520.0";"2.031195"
"172530.0";"1.998766"
"172540.0";"1.987021"
"172550.0";"2.03051"
"172560.0";"2.070019"
"172570.0";"1.984928"
"172580.0";"2.004014"
"172590.0";"2.031312"
"172600.0";"2.044309"
"172610.0";"2.059805"
"172620.0";"1.999385"
"172630.0";"2.056803"
"172640.0";"2.003438"
"172650.0";"1.974582"
"172660.0";"2.009326"
"172670.0";"2.083538"
"172680.0";"1.955651"
"172690.0";"2.104235"
"172700.0";"2.039795"
"172710.0";"1.966489"
"172720.0";"2.03796"
"172730.0";"2.007757"
"172740.0";"2.00921"
"172750.0";"2.053998"
"172760.0";"2.024466"
"172770.0";"2.030012"
"172780.0";"2.028694"
"172790.0";"2.043111"
"172800.0";"2.060917"
"172810.0";"2.029693"
"172820.0";"2.075496"
"172830.0";"2.085652"
"172840.0";"2.061981"
"172850.0";"1.992613"
"172860.0";"2.094245"
"172870.0";"2.051653"
"172880.0";"2.032753"
"172890.0";"2.087322"
"172900.0";"1.992012"
"172910.0";"2.025739"
"172920.0";"2.064075"
"172930.0";"2.011451"
"172940.0";"1.931455"
"172950.0";"2.021284"
"172960.0";"1.985712"
"172970.0";"2.025263"
"172980.0";"1.980223"
"172990.0";"2.154773"
"173000.0";"1.991864"
"173010.0";"1.959419"
"173020.0";"2.056137"
"173030.0";"2.066523"
"173040.0";"2.12552"
"173050.0";"2.127917"
"173060.0";"2.044689"
"173070.0";"1.994483"
"173080.0";"2.039176"
"173090.0";"2.058023"
"173100.0";"2.09002"
"173110.0";"2.00299"
"173120.0";"1.967274"
"173130.0";"2.02193"
"173140.0";"2.036761"
"173150.0";"1.995866"
"173160.0";"2.025624"
"173170.0";"2.037073"
"173180.0";"2.020265"
"173190.0";"2.043062"
"173200.0";"1.996321"
"173210.0";"2.013373"
"173220.0";"2.031594"
"173230.0";"2.033321"
"173240.0";"2.076643"
"173250.0";"2.088712"
"173260.0";"2.050785"
"173270.0";"2.069018"
"173280.0";"2.025399"
"173290.0";"2.107725"
"173300.0";"2.032317"
"173310.0";"2.104186"
"173320.0";"2.110206"
"173330.0";"2.066431"
"173340.0";"2.053096"
"173350.0";"2.067997"
"173360.0";"2.050259"
"173370.0";"2.054089"
"173380.0";"2.030683"
"173390.0";"2.113346"
"173400.0";"2.033726"
"173410.0";"2.039781"
"173420.0";"2.041159"
"173430.0";"2.052294"
"173440.0";"2.016067"
"173450.0";"2.102507"
"173460.0";"2.020137"
"173470.0";"1.997082"
"173480.0";"2.033016"
"173490.0";"2.038243"
"173500.0";"1.991966"
"173510.0";"2.026114"
"173520.0";"2.01932"
"173530.0";"2.074197"
"173540.0";"2.145931"
"173550.0";"2.134796"
"173560.0";"2.169868"
"173570.0";"2.19353"
"173580.0";"2.091408"
"173590.0";"2.043936"
"173600.0";"2.013347"
"173610.0";"2.028757"
"173620.0";"2.088754"
"173630.0";"2.057869"
"173640.0";"1.961753"
"173650.0";"1.988044"
"173660.0";"2.040151"
"173670.0";"1.967839"
"173680.0";"2.0318"
"173690.0";"1.99588"
"173700.0";"2.011225"
"173710.0";"2.002796"
"173720.0";"1.990867"
"173730.0";"2.017972"
"173740.0";"2.007577"
"173750.0";"2.038109"
"173760.0";"2.009696"
"173770.0";"2.02512"
"173780.0";"1.969942"
"173790.0";"1.989745"
"173800.0";"2.025332"
"173810.0";"1.987607"
"173820.0";"2.03457"
"173830.0";"2.015841"
"173840.0";"1.92313"
"173850.0";"2.015069"
"173860.0";"2.042403"
"173870.0";"1.978759"
"173880.0";"2.106872"
"173890.0";"1.982052"
"173900.0";"2.077304"
"173910.0";"2.027039"
"173920.0";"2.013347"
"173930.0";"2.038205"
"173940.0";"1.995605"
"173950.0";"1.978249"
"173960.0";"2.041738"
"173970.0";"1.999658"
"173980.0";"2.06489"
"173990.0";"2.072325"
"174000.0";"2.088155"
"174010.0";"2.052736"
"174020.0";"1.996252"
"174030.0";"2.049026"
"174040.0";"2.11374"
"174050.0";"2.072414"
"174060.0";"2.055304"
"174070.0";"2.039865"
"174080.0";"2.009635"
"174090.0";"2.047218"
"174100.0";"2.031042"
"174110.0";"2.013341"
"174120.0";"2.050601"
"174130.0";"2.071667"
"174140.0";"2.017445"
"174150.0";"2.044012"
"174160.0";"2.06361"
"174170.0";"2.030104"
"174180.0";"2.009685"
"174190.0";"2.055945"
"174200.0";"2.052703"
"174210.0";"2.065661"
"174220.0";"2.05704"
"174230.0";"2.090586"
"174240.0";"2.078198"
"174250.0";"2.068139"
"174260.0";"2.064969"
"174270.0";"2.041864"
"174280.0";"2.038371"
"174290.0";"2.082617"
"174300.0";"2.108202"
"174310.0";"2.079902"
"174320.0";"2.061294"
"174330.0";"2.113468"
"174340.0";"2.063708"
"174350.0";"2.104414"
"174360.0";"2.048133"
"174370.0";"2.073124"
"174380.0";"2.084333"
"174390.0";"2.01934"
"174400.0";"2.077853"
"174410.0";"2.109298"
"174420.0";"2.040856"
"174430.0";"2.082598"
"174440.0";"2.127291"
"174450.0";"2.041582"
"174460.0";"2.046257"
"174470.0";"2.103309"
"174480.0";"2.101281"
"174490.0";"2.082828"
"174500.0";"2.066124"
"174510.0";"2.040304"
"174520.0";"2.096826"
"174530.0";"2.112697"
"174540.0";"2.09596"
"174550.0";"2.125681"
"174560.0";"2.146418"
"174570.0";"2.132632"
"174580.0";"2.074943"
"174590.0";"2.121489"
"174600.0";"2.094795"
"174610.0";"2.134998"
"174620.0";"2.060176"
"174630.0";"2.042997"
"174640.0";"2.000728"
"174650.0";"2.057153"
"174660.0";"2.022134"
"174670.0";"2.098561"
"174680.0";"2.077384"
"174690.0";"2.096986"
"174700.0";"2.121428"
"174710.0";"2.139488"
"174720.0";"2.066288"
"174730.0";"2.093975"
"174740.0";"2.048153"
"174750.0";"2.049567"
"174760.0";"2.113987"
"174770.0";"1.99043"
"174780.0";"2.06679"
"174790.0";"2.057257"
"174800.0";"2.030912"
"174810.0";"1.956189"
"174820.0";"2.055248"
"174830.0";"1.937004"
"174840.0";"1.999118"
"174850.0";"2.078707"
"174860.0";"2.090786"
"174870.0";"2.070651"
"174880.0";"2.076561"
"174890.0";"2.14363"
"174900.0";"2.117066"
"174910.0";"2.146488"
"174920.0";"2.070112"
"174930.0";"2.132521"
"174940.0";"2.125041"
"174950.0";"2.080543"
"174960.0";"2.148704"
"174970.0";"2.117368"
"174980.0";"2.11194"
"174990.0";"2.127112"
"175000.0";"2.16311"
"175010.0";"2.079562"
"175020.0";"2.010334"
"175030.0";"2.094208"
"175040.0";"2.073603"
"175050.0";"2.093927"
"175060.0";"1.994454"
"175070.0";"2.015142"
"175080.0";"2.060763"
"175090.0";"2.122532"
"175100.0";"2.098181"
"175110.0";"2.059815"
"175120.0";"2.089279"
"175130.0";"2.054171"
"175140.0";"2.126334"
"175150.0";"2.155966"
"175160.0";"2.127209"
"175170.0";"2.120127"
"175180.0";"2.187433"
"175190.0";"2.191219"
"175200.0";"2.123499"
"175210.0";"2.112144"
"175220.0";"2.107832"
"175230.0";"2.040533"
"175240.0";"2.08633"
"175250.0";"2.08121"
"175260.0";"2.04886"
"175270.0";"2.138114"
"175280.0";"2.095976"
"175290.0";"2.033906"
"175300.0";"2.125406"
"175310.0";"2.123257"
"175320.0";"2.105547"
"175330.0";"2.142974"
"175340.0";"2.086316"
"175350.0";"2.144592"
"175360.0";"2.063139"
"175370.0";"2.128957"
"175380.0";"2.173382"
"175390.0";"2.117867"
"175400.0";"2.134762"
"175410.0";"2.103737"
"175420.0";"2.081078"
"175430.0";"2.090332"
"175440.0";"2.018967"
"175450.0";"2.037716"
"175460.0";"2.058306"
"175470.0";"2.104978"
"175480.0";"2.071484"
"175490.0";"2.1187"
"175500.0";"2.153222"
"175510.0";"2.040898"
"175520.0";"2.055838"
"175530.0";"2.108927"
"175540.0";"2.038464"
"175550.0";"2.022285"
"175560.0";"2.100805"
"175570.0";"2.059385"
"175580.0";"2.008435"
"175590.0";"2.100333"
"175600.0";"2.135182"
"175610.0";"2.042352"
"175620.0";"2.040239"
"175630.0";"2.011501"
"175640.0";"2.084757"
"175650.0";"2.048841"
"175660.0";"2.014822"
"175670.0";"2.099391"
"175680.0";"2.060183"
"175690.0";"2.025634"
"175700.0";"2.03439"
"175710.0";"1.989819"
"175720.0";"2.024692"
"175730.0";"2.040015"
"175740.0";"1.952551"
"175750.0";"2.035706"
"175760.0";"2.051128"
"175770.0";"2.097845"
"175780.0";"2.084143"
"175790.0";"2.053703"
"175800.0";"2.090775"
"175810.0";"2.072739"
"175820.0";"2.089151"
"175830.0";"2.086101"
"175840.0";"2.026387"
"175850.0";"2.033208"
"175860.0";"2.036893"
"175870.0";"2.110991"
"175880.0";"2.05782"
"175890.0";"2.01575"
"175900.0";"2.043592"
"175910.0";"2.056118"
"175920.0";"2.000777"
"175930.0";"2.018994"
"175940.0";"2.026478"
"175950.0";"2.070975"
"175960.0";"2.074596"
"175970.0";"2.101801"
"175980.0";"2.027423"
"175990.0";"2.051145"
"176000.0";"2.039566"
"176010.0";"2.002027"
"176020.0";"2.039512"
"176030.0";"2.030825"
"176040.0";"2.105968"
"176050.0";"2.06544"
"176060.0";"2.028758"
"176070.0";"2.019762"
"176080.0";"2.043304"
"176090.0";"2.070915"
"176100.0";"2.049961"
"176110.0";"1.966484"
"176120.0";"1.988992"
"176130.0";"1.998978"
"176140.0";"1.996118"
"176150.0";"2.037243"
"176160.0";"2.018508"
"176170.0";"2.038733"
"176180.0";"2.063267"
"176190.0";"2.025615"
"176200.0";"2.055392"
"176210.0";"1.972106"
"176220.0";"1.975693"
"176230.0";"1.966723"
"176240.0";"1.967374"
"176250.0";"1.97779"
"176260.0";"1.929968"
"176270.0";"1.986671"
"176280.0";"2.007771"
"176290.0";"1.949745"
"176300.0";"1.938173"
"176310.0";"1.997575"
"176320.0";"1.995763"
"176330.0";"1.970569"
"176340.0";"1.950567"
"176350.0";"2.01986"
"176360.0";"1.981907"
"176370.0";"1.964494"
"176380.0";"1.953056"
"176390.0";"1.968807"
"176400.0";"1.995075"
"176410.0";"1.986384"
"176420.0";"1.965827"
"176430.0";"1.881326"
"176440.0";"1.951127"
"176450.0";"1.954682"
"176460.0";"1.982177"
"176470.0";"2.00033"
"176480.0";"1.964924"
"176490.0";"2.036415"
"176500.0";"1.99498"
"176510.0";"1.977774"
"176520.0";"2.058562"
"176530.0";"1.959238"
"176540.0";"1.913214"
"176550.0";"1.993226"
"176560.0";"1.998782"
"176570.0";"1.942309"
"176580.0";"1.994318"
"176590.0";"1.996056"
"176600.0";"1.963176"
"176610.0";"2.031862"
"176620.0";"1.959399"
"176630.0";"1.967027"
"176640.0";"1.99485"
"176650.0";"1.947892"
"176660.0";"1.934312"
"176670.0";"1.991281"
"176680.0";"1.976286"
"176690.0";"2.011393"
"176700.0";"2.006486"
"176710.0";"1.970627"
"176720.0";"2.021814"
"176730.0";"1.973902"
"176740.0";"1.993778"
"176750.0";"1.991132"
"176760.0";"2.030759"
"176770.0";"2.038579"
"176780.0";"1.986576"
"176790.0";"2.058179"
"176800.0";"2.051343"
"176810.0";"2.040776"
"176820.0";"2.086256"
"176830.0";"2.071239"
"176840.0";"2.030321"
"176850.0";"2.042223"
"176860.0";"2.070141"
"176870.0";"2.051567"
"176880.0";"2.026338"
"176890.0";"2.119051"
"176900.0";"2.03861"
"176910.0";"2.059062"
"176920.0";"2.001566"
"176930.0";"2.093542"
"176940.0";"2.082991"
"176950.0";"1.982191"
"176960.0";"2.053354"
"176970.0";"2.004435"
"176980.0";"2.095048"
"176990.0";"2.011271"
"177000.0";"2.125052"
"177010.0";"2.077503"
"177020.0";"2.05724"
"177030.0";"1.968011"
"177040.0";"2.029854"
"177050.0";"2.03377"
"177060.0";"2.046753"
"177070.0";"2.052515"
"177080.0";"2.056123"
"177090.0";"2.041978"
"177100.0";"2.070497"
"177110.0";"2.053705"
"177120.0";"2.073752"
"177130.0";"2.007809"
"177140.0";"2.012916"
"177150.0";"2.004232"
"177160.0";"2.015256"
"177170.0";"2.034129"
"177180.0";"1.995691"
"177190.0";"1.989727"
"177200.0";"2.026221"
"177210.0";"2.001704"
"177220.0";"2.064512"
"177230.0";"2.061426"
"177240.0";"2.109596"
"177250.0";"2.038628"
"177260.0";"2.103459"
"177270.0";"2.043533"
"177280.0";"2.08391"
"177290.0";"2.044857"
"177300.0";"2.123857"
"177310.0";"2.163418"
"177320.0";"2.126211"
"177330.0";"2.106389"
"177340.0";"2.07407"
"177350.0";"2.123684"
"177360.0";"2.182204"
"177370.0";"2.210679"
"177380.0";"2.167134"
"177390.0";"2.171448"
"177400.0";"2.199797"
"177410.0";"2.149346"
"177420.0";"2.085248"
"177430.0";"2.074364"
"177440.0";"2.109549"
"177450.0";"2.0577"
"177460.0";"2.152117"
"177470.0";"2.077214"
"177480.0";"2.08664"
"177490.0";"2.155404"
"177500.0";"2.119763"
"177510.0";"2.099156"
"177520.0";"2.114692"
"177530.0";"2.089892"
"177540.0";"2.081446"
"177550.0";"2.017131"
"177560.0";"2.072456"
"177570.0";"2.069731"
"177580.0";"2.036223"
"177590.0";"2.09001"
"177600.0";"2.186234"
"177610.0";"2.17654"
"177620.0";"2.115835"
"177630.0";"2.163581"
"177640.0";"2.171576"
"177650.0";"2.119595"
"177660.0";"2.075924"
"177670.0";"2.070343"
"177680.0";"2.007626"
"177690.0";"2.110013"
"177700.0";"2.092495"
"177710.0";"2.086534"
"177720.0";"2.056189"
"177730.0";"2.039233"
"177740.0";"2.047187"
"177750.0";"2.014606"
"177760.0";"2.079708"
"177770.0";"1.972552"
"177780.0";"2.039935"
"177790.0";"2.040371"
"177800.0";"2.021026"
"177810.0";"2.051942"
"177820.0";"1.989702"
"177830.0";"2.093941"
"177840.0";"2.054159"
"177850.0";"2.057518"
"177860.0";"2.043599"
"177870.0";"2.021302"
"177880.0";"2.013463"
"177890.0";"2.072302"
"177900.0";"2.090979"
"177910.0";"2.056002"
"177920.0";"2.074349"
"177930.0";"2.070785"
"177940.0";"2.133115"
"177950.0";"2.025527"
"177960.0";"2.087105"
"177970.0";"2.076863"
"177980.0";"2.053644"
"177990.0";"2.027867"
"178000.0";"2.074347"
"178010.0";"2.058394"
"178020.0";"2.106063"
"178030.0";"2.014533"
"178040.0";"2.119589"
"178050.0";"2.047829"
"178060.0";"2.064791"
"178070.0";"2.109942"
"178080.0";"2.119663"
"178090.0";"2.101963"
"178100.0";"2.041892"
"178110.0";"2.117892"
"178120.0";"2.118829"
"178130.0";"2.091363"
"178140.0";"2.088467"
"178150.0";"2.132271"
"178160.0";"2.139586"
"178170.0";"2.08557"
"178180.0";"2.106719"
"178190.0";"2.050201"
"178200.0";"2.080413"
"178210.0";"2.033584"
"178220.0";"2.070653"
"178230.0";"2.014782"
"178240.0";"2.115501"
"178250.0";"2.06527"
"178260.0";"2.068742"
"178270.0";"2.072017"
"178280.0";"2.102281"
"178290.0";"2.032448"
"178300.0";"2.056176"
"178310.0";"2.054485"
"178320.0";"2.122391"
"178330.0";"2.028737"
"178340.0";"2.032811"
"178350.0";"2.037288"
"178360.0";"2.044288"
"178370.0";"2.045994"
"178380.0";"2.035187"
"178390.0";"2.057161"
"178400.0";"2.119524"
"178410.0";"2.063517"
"178420.0";"2.001885"
"178430.0";"2.086314"
"178440.0";"2.150291"
"178450.0";"2.116727"
"178460.0";"2.057309"
"178470.0";"2.087738"
"178480.0";"2.026954"
"178490.0";"2.054491"
"178500.0";"2.031894"
"178510.0";"2.031616"
"178520.0";"2.087355"
"178530.0";"2.132246"
"178540.0";"2.122567"
"178550.0";"2.11109"
"178560.0";"2.073323"
"178570.0";"2.153266"
"178580.0";"2.093268"
"178590.0";"2.10358"
"178600.0";"2.115626"
"178610.0";"2.115207"
"178620.0";"2.255594"
"178630.0";"2.096827"
"178640.0";"2.053704"
"178650.0";"2.090348"
"178660.0";"2.107158"
"178670.0";"2.107439"
"178680.0";"2.083946"
"178690.0";"2.193989"
"178700.0";"2.263051"
"178710.0";"2.0942"
"178720.0";"2.320604"
"178730.0";"2.316382"
"178740.0";"2.333316"
"178750.0";"2.15525"
"178760.0";"2.394944"
"178770.0";"2.462911"
"178780.0";"2.4013"
"178790.0";"2.576332"
"178800.0";"2.707297"
"178810.0";"2.712183"
"178820.0";"2.773015"
"178830.0";"2.529581"
"178840.0";"2.378655"
"178850.0";"2.426287"
"178860.0";"2.391675"
"178870.0";"2.231836"
"178880.0";"2.361295"
"178890.0";"2.354826"
"178900.0";"2.431492"
"178910.0";"2.327205"
"178920.0";"2.593243"
"178930.0";"2.509397"
"178940.0";"2.612315"
"178950.0";"2.564894"
"178960.0";"2.51127"
"178970.0";"2.529881"
"178980.0";"2.578501"
"178990.0";"2.657946"
"179000.0";"2.559685"
"179010.0";"2.378405"
"179020.0";"2.457834"
"179030.0";"2.371787"
"179040.0";"2.483938"
"179050.0";"2.520085"
"179060.0";"2.413919"
"179070.0";"2.436873"
"179080.0";"2.539614"
"179090.0";"2.793244"
"179100.0";"2.667822"
"179110.0";"2.605285"
"179120.0";"2.60042"
"179130.0";"2.596262"
"179140.0";"2.647628"
"179150.0";"2.649985"
"179160.0";"2.609379"
"179170.0";"2.563031"
"179180.0";"2.544427"
"179190.0";"2.628847"
"179200.0";"2.316397"
"179210.0";"2.415365"
"179220.0";"2.375276"
"179230.0";"2.403892"
"179240.0";"2.467846"
"179250.0";"2.540692"
"179260.0";"2.363322"
"179270.0";"2.391807"
"179280.0";"2.461014"
"179290.0";"2.454038"
"179300.0";"2.283543"
"179310.0";"2.304861"
"179320.0";"2.387552"
"179330.0";"2.376082"
"179340.0";"2.390825"
"179350.0";"2.285294"
"179360.0";"2.200001"
"179370.0";"2.268784"
"179380.0";"2.294184"
"179390.0";"2.17213"
"179400.0";"2.15433"
"179410.0";"2.230371"
"179420.0";"2.244024"
"179430.0";"2.24382"
"179440.0";"2.18761"
"179450.0";"2.273478"
"179460.0";"2.317725"
"179470.0";"2.23773"
"179480.0";"2.249954"
"179490.0";"2.305316"
"179500.0";"2.342401"
"179510.0";"2.28179"
"179520.0";"2.242768"
"179530.0";"2.20561"
"179540.0";"2.263672"
"179550.0";"2.266884"
"179560.0";"2.33398"
"179570.0";"2.352288"
"179580.0";"2.395872"
"179590.0";"2.304347"
"179600.0";"2.428112"
"179610.0";"2.34607"
"179620.0";"2.243242"
"179630.0";"2.232524"
"179640.0";"2.324723"
"179650.0";"2.259376"
"179660.0";"2.122143"
"179670.0";"2.201751"
"179680.0";"2.129229"
"179690.0";"2.098092"
"179700.0";"2.120316"
"179710.0";"2.079122"
"179720.0";"2.163423"
"179730.0";"2.113783"
"179740.0";"2.188534"
"179750.0";"2.312583"
"179760.0";"2.126856"
"179770.0";"2.250164"
"179780.0";"2.088656"
"179790.0";"2.186335"
"179800.0";"2.330241"
"179810.0";"2.355417"
"179820.0";"2.338966"
"179830.0";"2.418305"
"179840.0";"2.354396"
"179850.0";"2.352016"
"179860.0";"2.351843"
"179870.0";"2.341966"
"179880.0";"2.3918"
"179890.0";"2.319613"
"179900.0";"2.34808"
"179910.0";"2.430537"
"179920.0";"2.567655"
"179930.0";"2.463379"
"179940.0";"2.620453"
"179950.0";"2.524396"
"179960.0";"2.679328"
"179970.0";"2.673493"
"179980.0";"2.600954"
"179990.0";"2.531795"
"180000.0";"2.453099"
"180010.0";"2.431191"
"180020.0";"2.37145"
"180030.0";"2.387335"
"180040.0";"2.453643"
"180050.0";"2.553896"
"180060.0";"2.387183"
"180070.0";"2.415869"
"180080.0";"2.426649"
"180090.0";"2.415165"
"180100.0";"2.634621"
"180110.0";"2.636619"
"180120.0";"2.733588"
"180130.0";"2.857443"
"180140.0";"2.817543"
"180150.0";"2.876113"
"180160.0";"2.652925"
"180170.0";"2.476157"
"180180.0";"2.540329"
"180190.0";"2.459752"
"180200.0";"2.403862"
"180210.0";"2.456839"
"180220.0";"2.388577"
"180230.0";"2.362247"
"180240.0";"2.37579"
"180250.0";"2.318075"
"180260.0";"2.608614"
"180270.0";"2.749618"
"180280.0";"2.623892"
"180290.0";"2.578467"
"180300.0";"2.571191"
"180310.0";"2.387185"
"180320.0";"2.468211"
"180330.0";"2.389483"
"180340.0";"2.720316"
"180350.0";"2.611233"
"180360.0";"2.500759"
"180370.0";"2.512449"
"180380.0";"2.576579"
"180390.0";"2.579777"
"180400.0";"2.430665"
"180410.0";"2.407532"
"180420.0";"2.346126"
"180430.0";"2.313883"
"180440.0";"2.397642"
"180450.0";"2.163439"
"180460.0";"2.286248"
"180470.0";"2.321148"
"180480.0";"2.266416"
"180490.0";"2.355973"
"180500.0";"2.458842"
"180510.0";"2.503134"
"180520.0";"2.516361"
"180530.0";"2.607187"
"180540.0";"2.599092"
"180550.0";"2.502767"
"180560.0";"2.402195"
"180570.0";"2.354775"
"180580.0";"2.266632"
"180590.0";"2.226477"
"180600.0";"2.241802"
"180610.0";"2.296309"
"180620.0";"2.190305"
"180630.0";"2.179368"
"180640.0";"2.233864"
"180650.0";"2.384169"
"180660.0";"2.476832"
"180670.0";"2.34485"
"180680.0";"2.341719"
"180690.0";"2.337355"
"180700.0";"2.270205"
"180710.0";"2.344537"
"180720.0";"2.294451"
"180730.0";"2.285792"
"180740.0";"2.387322"
"180750.0";"2.337481"
"180760.0";"2.316153"
"180770.0";"2.508107"
"180780.0";"2.599105"
"180790.0";"2.658869"
"180800.0";"2.487243"
"180810.0";"2.519569"
"180820.0";"2.429041"
"180830.0";"2.49171"
"180840.0";"2.672882"
"180850.0";"2.436609"
"180860.0";"2.48069"
"180870.0";"2.363598"
"180880.0";"2.543748"
"180890.0";"2.708879"
"180900.0";"2.561578"
"180910.0";"2.310456"
"180920.0";"2.210525"
"180930.0";"2.263446"
"180940.0";"2.187454"
"180950.0";"2.295713"
"180960.0";"2.279044"
"180970.0";"2.283903"
"180980.0";"2.277615"
"180990.0";"2.213299"
"181000.0";"2.26571"
"181010.0";"2.241399"
"181020.0";"2.11823"
"181030.0";"2.161989"
"181040.0";"2.240915"
"181050.0";"2.154112"
"181060.0";"2.001452"
"181070.0";"2.089424"
"181080.0";"2.042277"
"181090.0";"2.032767"
"181100.0";"1.98303"
"181110.0";"2.130807"
"181120.0";"2.075593"
"181130.0";"2.135909"
"181140.0";"2.094142"
"181150.0";"2.104473"
"181160.0";"2.009796"
"181170.0";"2.081792"
"181180.0";"2.088354"
"181190.0";"2.07869"
"181200.0";"2.162833"
"181210.0";"2.058311"
"181220.0";"2.052521"
"181230.0";"2.051706"
"181240.0";"2.077752"
"181250.0";"2.088156"
"181260.0";"2.087156"
"181270.0";"2.087883"
"181280.0";"2.118206"
"181290.0";"2.061689"
"181300.0";"2.022913"
"181310.0";"2.049275"
"181320.0";"2.036417"
"181330.0";"2.071804"
"181340.0";"2.055872"
"181350.0";"2.067483"
"181360.0";"1.988093"
"181370.0";"2.040615"
"181380.0";"2.100452"
"181390.0";"2.18555"
"181400.0";"2.060265"
"181410.0";"2.078904"
"181420.0";"2.074401"
"181430.0";"2.064559"
"181440.0";"2.070943"
"181450.0";"2.069116"
"181460.0";"2.102696"
"181470.0";"2.062782"
"181480.0";"2.086275"
"181490.0";"2.086734"
"181500.0";"2.088049"
"181510.0";"2.100949"
"181520.0";"2.074763"
"181530.0";"2.114642"
"181540.0";"2.055239"
"181550.0";"2.271735"
"181560.0";"2.103599"
"181570.0";"2.179581"
"181580.0";"2.116129"
"181590.0";"2.076442"
"181600.0";"1.986923"
"181610.0";"2.035879"
"181620.0";"1.997541"
"181630.0";"2.016777"
"181640.0";"2.091904"
"181650.0";"1.957342"
"181660.0";"2.06676"
"181670.0";"2.14166"
"181680.0";"2.087501"
"181690.0";"2.072992"
"181700.0";"2.009716"
"181710.0";"2.047129"
"181720.0";"2.035735"
"181730.0";"2.085041"
"181740.0";"2.062126"
"181750.0";"2.045579"
"181760.0";"2.023525"
"181770.0";"2.104412"
"181780.0";"2.111956"
"181790.0";"2.073457"
"181800.0";"2.066502"
"181810.0";"2.099212"
"181820.0";"2.080557"
"181830.0";"2.046085"
"181840.0";"2.060266"
"181850.0";"2.047125"
"181860.0";"2.033822"
"181870.0";"2.028219"
"181880.0";"2.029558"
"181890.0";"2.053328"
"181900.0";"2.059482"
"181910.0";"2.066602"
"181920.0";"2.071773"
"181930.0";"2.100141"
"181940.0";"2.020545"
"181950.0";"2.012804"
"181960.0";"2.044442"
"181970.0";"2.099224"
"181980.0";"2.01191"
"181990.0";"2.080479"
"182000.0";"2.096863"
"182010.0";"2.094063"
"182020.0";"2.01539"
"182030.0";"2.031074"
"182040.0";"2.055153"
"182050.0";"2.085562"
"182060.0";"2.050858"
"182070.0";"2.116508"
"182080.0";"1.973895"
"182090.0";"2.01788"
"182100.0";"2.008285"
"182110.0";"2.031314"
"182120.0";"2.009857"
"182130.0";"2.078203"
"182140.0";"2.045673"
"182150.0";"2.066939"
"182160.0";"2.05169"
"182170.0";"2.084688"
"182180.0";"2.07102"
"182190.0";"2.102674"
"182200.0";"2.110265"
"182210.0";"2.188232"
"182220.0";"2.111971"
"182230.0";"2.111553"
"182240.0";"2.110934"
"182250.0";"2.155285"
"182260.0";"2.128742"
"182270.0";"2.153344"
"182280.0";"2.133479"
"182290.0";"2.157705"
"182300.0";"2.085523"
"182310.0";"2.123"
"182320.0";"2.078382"
"182330.0";"2.122326"
"182340.0";"2.027259"
"182350.0";"2.136228"
"182360.0";"2.112323"
"182370.0";"2.062655"
"182380.0";"2.101859"
"182390.0";"2.107863"
"182400.0";"2.075877"
"182410.0";"2.034945"
"182420.0";"2.048919"
"182430.0";"2.116508"
"182440.0";"2.173777"
"182450.0";"2.154322"
"182460.0";"2.014464"
"182470.0";"2.150038"
"182480.0";"2.04544"
"182490.0";"2.079825"
"182500.0";"2.115077"
"182510.0";"2.123438"
"182520.0";"2.009789"
"182530.0";"2.027398"
"182540.0";"1.99494"
"182550.0";"2.108511"
"182560.0";"2.127257"
"182570.0";"2.091625"
"182580.0";"2.10144"
"182590.0";"1.966542"
"182600.0";"2.063346"
"182610.0";"2.028759"
"182620.0";"2.011862"
"182630.0";"1.99088"
"182640.0";"1.969355"
"182650.0";"1.96884"
"182660.0";"1.932423"
"182670.0";"2.001498"
"182680.0";"2.015629"
"182690.0";"1.955902"
"182700.0";"2.094965"
"182710.0";"2.005828"
"182720.0";"1.969435"
"182730.0";"1.999975"
"182740.0";"2.050015"
"182750.0";"2.119136"
"182760.0";"2.127913"
"182770.0";"2.07147"
"182780.0";"2.143733"
"182790.0";"2.125014"
"182800.0";"2.083177"
"182810.0";"2.108655"
"182820.0";"2.078067"
"182830.0";"2.148926"
"182840.0";"2.094385"
"182850.0";"2.118128"
"182860.0";"2.127965"
"182870.0";"2.054875"
"182880.0";"2.034189"
"182890.0";"2.004226"
"182900.0";"2.019787"
"182910.0";"2.043388"
"182920.0";"2.028243"
"182930.0";"2.143762"
"182940.0";"2.073896"
"182950.0";"2.084938"
"182960.0";"2.126157"
"182970.0";"2.087668"
"182980.0";"2.094684"
"182990.0";"2.100469"
"183000.0";"2.065262"
"183010.0";"2.081165"
"183020.0";"2.061245"
"183030.0";"2.007657"
"183040.0";"2.109057"
"183050.0";"2.122457"
"183060.0";"2.175571"
"183070.0";"2.105006"
"183080.0";"2.1369"
"183090.0";"2.134171"
"183100.0";"2.09057"
"183110.0";"2.094279"
"183120.0";"2.092836"
"183130.0";"2.136722"
"183140.0";"2.133707"
"183150.0";"2.130608"
"183160.0";"2.02185"
"183170.0";"2.088378"
"183180.0";"2.082531"
"183190.0";"2.104737"
"183200.0";"2.084584"
"183210.0";"2.117372"
"183220.0";"2.095732"
"183230.0";"2.069761"
"183240.0";"2.122706"
"183250.0";"2.107264"
"183260.0";"2.077175"
"183270.0";"2.114866"
"183280.0";"2.097199"
"183290.0";"2.106245"
"183300.0";"2.062972"
"183310.0";"2.096075"
"183320.0";"2.080973"
"183330.0";"2.019173"
"183340.0";"2.0698"
"183350.0";"2.06142"
"183360.0";"2.086872"
"183370.0";"2.084812"
"183380.0";"2.058814"
"183390.0";"2.031519"
"183400.0";"1.996808"
"183410.0";"2.053421"
"183420.0";"2.042208"
"183430.0";"2.029962"
"183440.0";"2.046244"
"183450.0";"2.042754"
"183460.0";"2.072795"
"183470.0";"2.109103"
"183480.0";"2.054927"
"183490.0";"2.073934"
"183500.0";"2.093722"
"183510.0";"2.048998"
"183520.0";"2.081432"
"183530.0";"2.05194"
"183540.0";"2.037807"
"183550.0";"2.072627"
"183560.0";"2.074094"
"183570.0";"2.050156"
"183580.0";"2.044286"
"183590.0";"2.028273"
"183600.0";"2.109906"
"183610.0";"2.102699"
"183620.0";"2.053103"
"183630.0";"2.095556"
"183640.0";"2.024077"
"183650.0";"2.02858"
"183660.0";"2.05842"
"183670.0";"2.066105"
"183680.0";"2.095982"
"183690.0";"2.068776"
"183700.0";"2.049639"
"183710.0";"1.995659"
"183720.0";"2.0764"
"183730.0";"2.128569"
"183740.0";"1.957041"
"183750.0";"2.021512"
"183760.0";"2.02859"
"183770.0";"2.03684"
"183780.0";"2.050812"
"183790.0";"2.035605"
"183800.0";"1.937691"
"183810.0";"2.113624"
"183820.0";"2.035548"
"183830.0";"2.043058"
"183840.0";"2.003415"
"183850.0";"1.985063"
"183860.0";"1.999017"
"183870.0";"2.046471"
"183880.0";"2.058422"
"183890.0";"2.098005"
"183900.0";"2.07496"
"183910.0";"2.00583"
"183920.0";"1.98559"
"183930.0";"1.989035"
"183940.0";"2.083771"
"183950.0";"2.09406"
"183960.0";"2.041676"
"183970.0";"2.041719"
"183980.0";"2.129871"
"183990.0";"2.099944"
"184000.0";"2.127179"
"184010.0";"2.093573"
"184020.0";"2.08653"
"184030.0";"2.087007"
"184040.0";"2.058031"
"184050.0";"2.067565"
"184060.0";"2.017568"
"184070.0";"2.086514"
"184080.0";"2.067695"
"184090.0";"2.021284"
"184100.0";"2.019131"
"184110.0";"2.039316"
"184120.0";"2.045983"
"184130.0";"2.017532"
"184140.0";"2.020589"
"184150.0";"2.086581"
"184160.0";"2.094044"
"184170.0";"2.067638"
"184180.0";"2.118114"
"184190.0";"2.034479"
"184200.0";"2.06077"
"184210.0";"2.152521"
"184220.0";"2.178562"
"184230.0";"2.081998"
"184240.0";"2.112115"
"184250.0";"2.155942"
"184260.0";"2.051188"
"184270.0";"2.062198"
"184280.0";"2.067051"
"184290.0";"2.002131"
"184300.0";"2.054412"
"184310.0";"1.99806"
"184320.0";"2.02664"
"184330.0";"2.028021"
"184340.0";"2.018627"
"184350.0";"2.10489"
"184360.0";"2.048947"
"184370.0";"2.057573"
"184380.0";"2.090968"
"184390.0";"2.054438"
"184400.0";"2.056144"
"184410.0";"2.069891"
"184420.0";"2.016457"
"184430.0";"2.027992"
"184440.0";"1.997195"
"184450.0";"2.059239"
"184460.0";"2.021823"
"184470.0";"2.034165"
"184480.0";"2.01587"
"184490.0";"2.030657"
"184500.0";"2.049424"
"184510.0";"2.01713"
"184520.0";"1.962709"
"184530.0";"2.042535"
"184540.0";"2.026333"
"184550.0";"2.021581"
"184560.0";"2.072559"
"184570.0";"2.06171"
"184580.0";"2.041256"
"184590.0";"2.07061"
"184600.0";"2.045954"
"184610.0";"2.124257"
"184620.0";"2.126183"
"184630.0";"2.031096"
"184640.0";"2.058252"
"184650.0";"2.042861"
"184660.0";"2.004047"
"184670.0";"1.971007"
"184680.0";"2.000189"
"184690.0";"1.988359"
"184700.0";"2.02908"
"184710.0";"1.980562"
"184720.0";"2.007476"
"184730.0";"2.099684"
"184740.0";"2.030851"
"184750.0";"2.001389"
"184760.0";"2.045791"
"184770.0";"2.074944"
"184780.0";"1.98435"
"184790.0";"2.099132"
"184800.0";"2.122126"
"184810.0";"2.110091"
"184820.0";"2.043341"
"184830.0";"2.058949"
"184840.0";"2.005311"
"184850.0";"2.026785"
"184860.0";"2.126399"
"184870.0";"2.060634"
"184880.0";"2.087375"
"184890.0";"2.001221"
"184900.0";"2.025248"
"184910.0";"2.031911"
"184920.0";"2.113421"
"184930.0";"2.063673"
"184940.0";"2.031188"
"184950.0";"2.091576"
"184960.0";"2.112969"
"184970.0";"1.978661"
"184980.0";"2.026368"
"184990.0";"2.059786"
"185000.0";"2.025674"
"185010.0";"2.064672"
"185020.0";"2.044892"
"185030.0";"1.977457"
"185040.0";"2.008966"
"185050.0";"1.990649"
"185060.0";"1.998735"
"185070.0";"2.067923"
"185080.0";"2.042087"
"185090.0";"1.999553"
"185100.0";"2.023198"
"185110.0";"2.007987"
"185120.0";"2.084117"
"185130.0";"2.062778"
"185140.0";"1.994858"
"185150.0";"2.049731"
"185160.0";"2.049247"
"185170.0";"2.051151"
"185180.0";"2.028398"
"185190.0";"2.012756"
"185200.0";"1.989773"
"185210.0";"1.994581"
"185220.0";"2.06043"
"185230.0";"2.012943"
"185240.0";"2.012072"
"185250.0";"2.044883"
"185260.0";"2.026298"
"185270.0";"2.068076"
"185280.0";"2.011006"
"185290.0";"2.021056"
"185300.0";"1.960303"
"185310.0";"2.063638"
"185320.0";"2.031109"
"185330.0";"1.990693"
"185340.0";"1.987252"
"185350.0";"2.021211"
"185360.0";"1.987748"
"185370.0";"2.041414"
"185380.0";"2.022067"
"185390.0";"1.987974"
"185400.0";"2.012246"
"185410.0";"2.017898"
"185420.0";"1.981514"
"185430.0";"1.933849"
"185440.0";"2.018244"
"185450.0";"2.016497"
"185460.0";"2.029838"
"185470.0";"2.068763"
"185480.0";"1.970238"
"185490.0";"2.02643"
"185500.0";"2.08969"
"185510.0";"2.096692"
"185520.0";"2.052192"
"185530.0";"2.024987"
"185540.0";"2.065373"
"185550.0";"2.032428"
"185560.0";"2.022112"
"185570.0";"1.998469"
"185580.0";"1.98633"
"185590.0";"1.985523"
"185600.0";"1.992844"
"185610.0";"2.026452"
"185620.0";"2.006007"
"185630.0";"2.000134"
"185640.0";"1.97822"
"185650.0";"1.994261"
"185660.0";"1.950485"
"185670.0";"1.990008"
"185680.0";"1.906741"
"185690.0";"1.961866"
"185700.0";"1.935817"
"185710.0";"1.986158"
"185720.0";"1.967172"
"185730.0";"2.027565"
"185740.0";"2.048561"
"185750.0";"2.085748"
"185760.0";"1.966909"
"185770.0";"2.019747"
"185780.0";"2.02542"
"185790.0";"2.048977"
"185800.0";"2.032671"
"185810.0";"2.003854"
"185820.0";"2.057253"
"185830.0";"2.015676"
"185840.0";"2.071182"
"185850.0";"1.948998"
"185860.0";"2.078667"
"185870.0";"1.972383"
"185880.0";"1.994898"
"185890.0";"2.000605"
"185900.0";"2.022775"
"185910.0";"1.971804"
"185920.0";"2.02429"
"185930.0";"2.01176"
"185940.0";"2.077893"
"185950.0";"1.99574"
"185960.0";"1.968432"
"185970.0";"2.038783"
"185980.0";"1.98726"
"185990.0";"2.055234"
"186000.0";"2.05596"
"186010.0";"2.064466"
"186020.0";"2.074925"
"186030.0";"2.013193"
"186040.0";"2.07425"
"186050.0";"2.074612"
"186060.0";"2.065946"
"186070.0";"2.063033"
"186080.0";"2.022034"
"186090.0";"2.082541"
"186100.0";"2.004412"
"186110.0";"2.06394"
"186120.0";"2.077311"
"186130.0";"2.015131"
"186140.0";"2.133488"
"186150.0";"2.041981"
"186160.0";"2.176599"
"186170.0";"2.028129"
"186180.0";"2.068659"
"186190.0";"2.036788"
"186200.0";"2.068527"
"186210.0";"2.072206"
"186220.0";"2.038949"
"186230.0";"2.105672"
"186240.0";"2.041177"
"186250.0";"2.03898"
"186260.0";"1.99532"
"186270.0";"2.091529"
"186280.0";"2.070359"
"186290.0";"2.014143"
"186300.0";"2.122846"
"186310.0";"2.031031"
"186320.0";"2.095056"
"186330.0";"2.040579"
"186340.0";"2.033722"
"186350.0";"2.056512"
"186360.0";"2.063954"
"186370.0";"2.045648"
"186380.0";"2.101741"
"186390.0";"2.021448"
"186400.0";"2.069778"
"186410.0";"2.068455"
"186420.0";"2.130007"
"186430.0";"2.122375"
"186440.0";"2.073192"
"186450.0";"2.090523"
"186460.0";"2.130689"
"186470.0";"2.118125"
"186480.0";"2.136584"
"186490.0";"2.060458"
"186500.0";"2.059453"
"186510.0";"2.027413"
"186520.0";"2.075023"
"186530.0";"2.06239"
"186540.0";"2.073526"
"186550.0";"2.099709"
"186560.0";"2.086766"
"186570.0";"2.035643"
"186580.0";"2.12074"
"186590.0";"2.016058"
"186600.0";"2.05547"
"186610.0";"2.157404"
"186620.0";"2.070434"
"186630.0";"2.117735"
"186640.0";"2.096033"
"186650.0";"2.067323"
"186660.0";"2.092618"
"186670.0";"2.075211"
"186680.0";"2.06446"
"186690.0";"1.977446"
"186700.0";"1.994877"
"186710.0";"1.982473"
"186720.0";"2.024378"
"186730.0";"1.990579"
"186740.0";"2.031775"
"186750.0";"2.051356"
"186760.0";"2.074711"
"186770.0";"1.991325"
"186780.0";"2.079609"
"186790.0";"2.054161"
"186800.0";"1.953052"
"186810.0";"2.040207"
"186820.0";"2.079981"
"186830.0";"2.043"
"186840.0";"2.019141"
"186850.0";"2.030631"
"186860.0";"1.994722"
"186870.0";"1.984457"
"186880.0";"1.978065"
"186890.0";"2.090187"
"186900.0";"2.038814"
"186910.0";"2.005398"
"186920.0";"1.994476"
"186930.0";"2.020961"
"186940.0";"2.044343"
"186950.0";"1.96082"
"186960.0";"2.014746"
"186970.0";"2.004813"
"186980.0";"2.019874"
"186990.0";"2.017116"
"187000.0";"2.002295"
"187010.0";"2.023606"
"187020.0";"1.979162"
"187030.0";"2.0413"
"187040.0";"2.01002"
"187050.0";"1.989223"
"187060.0";"2.015175"
"187070.0";"1.984352"
"187080.0";"1.95939"
"187090.0";"1.986791"
"187100.0";"1.93082"
"187110.0";"2.072274"
"187120.0";"2.011888"
"187130.0";"1.983872"
"187140.0";"2.084048"
"187150.0";"2.010855"
"187160.0";"2.042128"
"187170.0";"2.040659"
"187180.0";"2.015177"
"187190.0";"2.041028"
"187200.0";"2.099416"
"187210.0";"2.013488"
"187220.0";"2.023483"
"187230.0";"1.989927"
"187240.0";"2.043243"
"187250.0";"2.064208"
"187260.0";"2.046444"
"187270.0";"2.026643"
"187280.0";"1.997993"
"187290.0";"2.006821"
"187300.0";"2.082587"
"187310.0";"2.053401"
"187320.0";"2.035632"
"187330.0";"2.072686"
"187340.0";"2.054924"
"187350.0";"2.053361"
"187360.0";"2.08449"
"187370.0";"2.058374"
"187380.0";"2.026739"
"187390.0";"1.984042"
"187400.0";"1.970332"
"187410.0";"1.997648"
"187420.0";"1.940148"
"187430.0";"2.067136"
"187440.0";"2.017189"
"187450.0";"2.005346"
"187460.0";"1.966659"
"187470.0";"2.055939"
"187480.0";"1.96535"
"187490.0";"1.95216"
"187500.0";"1.953484"
"187510.0";"1.969461"
"187520.0";"1.959831"
"187530.0";"1.997051"
"187540.0";"1.959188"
"187550.0";"1.964887"
"187560.0";"1.955106"
"187570.0";"1.952125"
"187580.0";"1.971846"
"187590.0";"1.985339"
"187600.0";"2.007149"
"187610.0";"2.004811"
"187620.0";"1.978762"
"187630.0";"2.030042"
"187640.0";"2.056978"
"187650.0";"2.068474"
"187660.0";"2.051987"
"187670.0";"2.035366"
"187680.0";"1.979391"
"187690.0";"2.010357"
"187700.0";"2.081665"
"187710.0";"2.029337"
"187720.0";"1.955562"
"187730.0";"1.950108"
"187740.0";"2.056883"
"187750.0";"2.064739"
"187760.0";"2.089216"
"187770.0";"2.096704"
"187780.0";"2.139431"
"187790.0";"2.007178"
"187800.0";"2.035864"
"187810.0";"1.962268"
"187820.0";"1.999784"
"187830.0";"2.012925"
"187840.0";"2.003311"
"187850.0";"2.12007"
"187860.0";"1.992819"
"187870.0";"2.017461"
"187880.0";"2.073158"
"187890.0";"2.084801"
"187900.0";"2.071414"
"187910.0";"2.063024"
"187920.0";"2.049217"
"187930.0";"2.058712"
"187940.0";"2.102094"
"187950.0";"2.056266"
"187960.0";"1.983921"
"187970.0";"2.032544"
"187980.0";"1.997434"
"187990.0";"1.993086"
"188000.0";"1.973407"
"188010.0";"2.047013"
"188020.0";"2.042468"
"188030.0";"2.038506"
"188040.0";"2.038609"
"188050.0";"2.032277"
"188060.0";"2.074811"
"188070.0";"2.044058"
"188080.0";"1.975846"
"188090.0";"2.035419"
"188100.0";"2.035699"
"188110.0";"2.043944"
"188120.0";"2.022101"
"188130.0";"2.00282"
"188140.0";"2.068208"
"188150.0";"2.135863"
"188160.0";"2.100132"
"188170.0";"2.082017"
"188180.0";"2.075603"
"188190.0";"2.067446"
"188200.0";"2.081968"
"188210.0";"2.043709"
"188220.0";"2.091998"
"188230.0";"2.036131"
"188240.0";"1.997497"
"188250.0";"2.028477"
"188260.0";"2.075385"
"188270.0";"2.086512"
"188280.0";"1.942757"
"188290.0";"1.999735"
"188300.0";"1.989093"
"188310.0";"2.000989"
"188320.0";"2.01789"
"188330.0";"2.072046"
"188340.0";"2.191225"
"188350.0";"2.050137"
"188360.0";"2.037697"
"188370.0";"1.982086"
"188380.0";"2.039738"
"188390.0";"2.038202"
"188400.0";"2.010961"
"188410.0";"2.051521"
"188420.0";"2.058304"
"188430.0";"2.023044"
"188440.0";"2.017498"
"188450.0";"2.087369"
"188460.0";"2.068726"
"188470.0";"2.007236"
"188480.0";"2.048188"
"188490.0";"2.012841"
"188500.0";"2.043813"
"188510.0";"2.099833"
"188520.0";"2.031042"
"188530.0";"2.036211"
"188540.0";"1.997974"
"188550.0";"2.052096"
"188560.0";"2.085104"
"188570.0";"2.055373"
"188580.0";"2.052633"
"188590.0";"2.034774"
"188600.0";"2.03825"
"188610.0";"2.038754"
"188620.0";"2.063647"
"188630.0";"2.116129"
"188640.0";"2.028906"
"188650.0";"2.032125"
"188660.0";"2.040225"
"188670.0";"2.021567"
"188680.0";"2.013972"
"188690.0";"2.029874"
"188700.0";"1.996353"
"188710.0";"2.023632"
"188720.0";"2.024097"
"188730.0";"2.06357"
"188740.0";"2.018877"
"188750.0";"2.047755"
"188760.0";"2.051794"
"188770.0";"2.102235"
"188780.0";"2.008901"
"188790.0";"2.038257"
"188800.0";"2.021562"
"188810.0";"2.011555"
"188820.0";"2.144515"
"188830.0";"2.065327"
"188840.0";"2.046162"
"188850.0";"2.046965"
"188860.0";"2.070558"
"188870.0";"2.047597"
"188880.0";"2.036958"
"188890.0";"2.063476"
"188900.0";"2.036386"
"188910.0";"2.067855"
"188920.0";"2.042589"
"188930.0";"2.050248"
"188940.0";"1.949567"
"188950.0";"2.053293"
"188960.0";"2.03284"
"188970.0";"2.021994"
"188980.0";"1.991406"
"188990.0";"1.971295"
"189000.0";"1.9444"
"189010.0";"2.041435"
"189020.0";"1.963287"
"189030.0";"2.048496"
"189040.0";"2.063226"
"189050.0";"2.020681"
"189060.0";"2.028733"
"189070.0";"1.985465"
"189080.0";"2.001895"
"189090.0";"1.963477"
"189100.0";"1.996122"
"189110.0";"1.976438"
"189120.0";"1.998462"
"189130.0";"2.032729"
"189140.0";"1.976706"
"189150.0";"2.00059"
"189160.0";"2.003036"
"189170.0";"2.02"
"189180.0";"2.059592"
"189190.0";"1.97742"
"189200.0";"2.087399"
"189210.0";"1.973493"
"189220.0";"2.027913"
"189230.0";"2.024311"
"189240.0";"2.048054"
"189250.0";"2.093954"
"189260.0";"2.036316"
"189270.0";"2.04142"
"189280.0";"2.013074"
"189290.0";"1.945413"
"189300.0";"2.032686"
"189310.0";"2.017061"
"189320.0";"2.056885"
"189330.0";"2.041428"
"189340.0";"2.065828"
"189350.0";"2.064549"
"189360.0";"2.003323"
"189370.0";"2.054685"
"189380.0";"2.049614"
"189390.0";"2.029131"
"189400.0";"2.028025"
"189410.0";"2.048456"
"189420.0";"1.989079"
"189430.0";"2.020168"
"189440.0";"2.093125"
"189450.0";"2.101687"
"189460.0";"2.088265"
"189470.0";"2.033025"
"189480.0";"1.94817"
"189490.0";"2.063126"
"189500.0";"2.064644"
"189510.0";"1.967497"
"189520.0";"2.08103"
"189530.0";"2.056268"
"189540.0";"1.978845"
"189550.0";"2.074197"
"189560.0";"2.005746"
"189570.0";"2.03308"
"189580.0";"2.077971"
"189590.0";"2.031572"
"189600.0";"2.019098"
"189610.0";"2.02455"
"189620.0";"2.055971"
"189630.0";"2.053975"
"189640.0";"2.04732"
"189650.0";"1.967717"
"189660.0";"2.064913"
"189670.0";"2.095608"
"189680.0";"2.079663"
"189690.0";"2.044973"
"189700.0";"2.042304"
"189710.0";"2.116862"
"189720.0";"2.05686"
"189730.0";"2.052172"
"189740.0";"2.022976"
"189750.0";"2.000409"
"189760.0";"1.97958"
"189770.0";"1.972525"
"189780.0";"2.006884"
"189790.0";"1.971848"
"189800.0";"2.054358"
"189810.0";"2.07158"
"189820.0";"2.039452"
"189830.0";"2.008438"
"189840.0";"2.018694"
"189850.0";"2.055544"
"189860.0";"2.06984"
"189870.0";"2.059529"
"189880.0";"2.143859"
"189890.0";"2.080949"
"189900.0";"2.133823"
"189910.0";"2.056499"
"189920.0";"2.039007"
"189930.0";"1.991173"
"189940.0";"2.077741"
"189950.0";"2.082396"
"189960.0";"2.104608"
"189970.0";"2.079281"
"189980.0";"2.045593"
"189990.0";"2.112955"
"190000.0";"2.056678"
"190010.0";"2.083919"
"190020.0";"2.092076"
"190030.0";"2.039006"
"190040.0";"2.021221"
"190050.0";"2.054957"
"190060.0";"2.012005"
"190070.0";"1.985242"
"190080.0";"2.071079"
"190090.0";"2.010811"
"190100.0";"2.081679"
"190110.0";"2.081955"
"190120.0";"2.05413"
"190130.0";"2.039329"
"190140.0";"2.068615"
"190150.0";"2.04438"
"190160.0";"2.023112"
"190170.0";"2.001208"
"190180.0";"2.003997"
"190190.0";"2.035045"
"190200.0";"2.030392"
"190210.0";"1.978051"
"190220.0";"2.091031"
"190230.0";"2.147667"
"190240.0";"2.017752"
"190250.0";"2.034771"
"190260.0";"2.13621"
"190270.0";"2.137159"
"190280.0";"2.048897"
"190290.0";"2.025168"
"190300.0";"2.055289"
"190310.0";"2.070193"
"190320.0";"2.030062"
"190330.0";"1.950732"
"190340.0";"2.021764"
"190350.0";"2.02539"
"190360.0";"2.014299"
"190370.0";"2.111153"
"190380.0";"2.125046"
"190390.0";"2.116996"
"190400.0";"2.140836"
"190410.0";"2.074989"
"190420.0";"2.020481"
"190430.0";"2.111338"
"190440.0";"2.076383"
"190450.0";"2.071346"
"190460.0";"2.039015"
"190470.0";"2.082738"
"190480.0";"2.007404"
"190490.0";"2.035202"
"190500.0";"2.044937"
"190510.0";"2.050491"
"190520.0";"2.091"
"190530.0";"2.084285"
"190540.0";"2.067729"
"190550.0";"2.065067"
"190560.0";"2.073296"
"190570.0";"2.092404"
"190580.0";"2.067621"
"190590.0";"2.08478"
"190600.0";"2.099638"
"190610.0";"2.153337"
"190620.0";"2.125624"
"190630.0";"2.029481"
"190640.0";"1.984754"
"190650.0";"2.011851"
"190660.0";"2.022718"
"190670.0";"2.087937"
"190680.0";"2.056944"
"190690.0";"2.114227"
"190700.0";"2.072442"
"190710.0";"2.068801"
"190720.0";"2.057267"
"190730.0";"2.128014"
"190740.0";"2.122319"
"190750.0";"2.031399"
"190760.0";"2.056637"
"190770.0";"2.121614"
"190780.0";"2.056574"
"190790.0";"2.077951"
"190800.0";"2.014769"
"190810.0";"2.022383"
"190820.0";"2.112961"
"190830.0";"2.075375"
"190840.0";"1.996347"
"190850.0";"1.998762"
"190860.0";"2.005497"
"190870.0";"2.069079"
"190880.0";"2.012957"
"190890.0";"2.044329"
"190900.0";"1.998541"
"190910.0";"1.947779"
"190920.0";"2.042154"
"190930.0";"1.984642"
"190940.0";"2.016955"
"190950.0";"2.035965"
"190960.0";"2.012319"
"190970.0";"2.031536"
"190980.0";"2.036013"
"190990.0";"1.979902"
"191000.0";"1.974145"
"191010.0";"2.081205"
"191020.0";"2.05312"
"191030.0";"2.032131"
"191040.0";"2.050079"
"191050.0";"2.001202"
"191060.0";"1.976333"
"191070.0";"1.982561"
"191080.0";"2.03479"
"191090.0";"2.036804"
"191100.0";"1.952731"
"191110.0";"2.007224"
"191120.0";"2.026541"
"191130.0";"2.068577"
"191140.0";"2.064615"
"191150.0";"2.028727"
"191160.0";"2.039467"
"191170.0";"2.089191"
"191180.0";"2.064849"
"191190.0";"2.053573"
"191200.0";"2.062899"
"191210.0";"2.020431"
"191220.0";"2.03354"
"191230.0";"2.02543"
"191240.0";"2.0321"
"191250.0";"1.981026"
"191260.0";"2.018166"
"191270.0";"1.96747"
"191280.0";"2.033909"
"191290.0";"1.982553"
"191300.0";"2.04285"
"191310.0";"2.027997"
"191320.0";"1.996706"
"191330.0";"2.023673"
"191340.0";"2.009189"
"191350.0";"2.022127"
"191360.0";"1.990171"
"191370.0";"1.99433"
"191380.0";"1.985071"
"191390.0";"1.986782"
"191400.0";"2.099928"
"191410.0";"2.08929"
"191420.0";"2.01935"
"191430.0";"2.024085"
"191440.0";"2.062469"
"191450.0";"2.041943"
"191460.0";"2.052792"
"191470.0";"1.982078"
"191480.0";"2.085531"
"191490.0";"2.043019"
"191500.0";"2.08744"
"191510.0";"1.995547"
"191520.0";"2.050059"
"191530.0";"2.129159"
"191540.0";"2.106834"
"191550.0";"2.10485"
"191560.0";"2.090533"
"191570.0";"2.223031"
"191580.0";"2.109586"
"191590.0";"2.102152"
"191600.0";"2.063911"
"191610.0";"2.125231"
"191620.0";"2.106978"
"191630.0";"2.111778"
"191640.0";"2.081483"
"191650.0";"2.061748"
"191660.0";"2.057059"
"191670.0";"2.106537"
"191680.0";"2.031546"
"191690.0";"2.079553"
"191700.0";"2.026371"
"191710.0";"2.026464"
"191720.0";"1.982156"
"191730.0";"2.004813"
"191740.0";"2.071623"
"191750.0";"2.035478"
"191760.0";"2.069068"
"191770.0";"2.078772"
"191780.0";"2.06246"
"191790.0";"2.037849"
"191800.0";"2.047835"
"191810.0";"1.984302"
"191820.0";"2.098345"
"191830.0";"2.049129"
"191840.0";"2.066319"
"191850.0";"2.018789"
"191860.0";"2.019068"
"191870.0";"2.013536"
"191880.0";"2.062306"
"191890.0";"2.079674"
"191900.0";"1.984428"
"191910.0";"2.076888"
"191920.0";"2.111166"
"191930.0";"2.065173"
"191940.0";"2.153331"
"191950.0";"2.085463"
"191960.0";"2.048328"
"191970.0";"2.03033"
"191980.0";"2.101298"
"191990.0";"2.051934"
"192000.0";"2.122454"
"192010.0";"2.090741"
"192020.0";"2.09546"
"192030.0";"2.058557"
"192040.0";"2.055729"
"192050.0";"2.089362"
"192060.0";"2.057985"
"192070.0";"2.038417"
"192080.0";"2.017385"
"192090.0";"2.029663"
"192100.0";"2.079166"
"192110.0";"2.12548"
"192120.0";"2.045151"
"192130.0";"2.071545"
"192140.0";"2.046815"
"192150.0";"2.080691"
"192160.0";"2.03517"
"192170.0";"2.028191"
"192180.0";"2.073517"
"192190.0";"2.132181"
"192200.0";"2.063028"
"192210.0";"2.069595"
"192220.0";"2.103938"
"192230.0";"2.005362"
"192240.0";"2.087772"
"192250.0";"2.043503"
"192260.0";"2.079195"
"192270.0";"2.119726"
"192280.0";"2.107772"
"192290.0";"2.06793"
"192300.0";"2.039323"
"192310.0";"2.047293"
"192320.0";"2.079103"
"192330.0";"2.039776"
"192340.0";"2.087198"
"192350.0";"2.083865"
"192360.0";"2.11975"
"192370.0";"2.232697"
"192380.0";"2.157183"
"192390.0";"2.195258"
"192400.0";"2.059132"
"192410.0";"2.208131"
"192420.0";"2.209299"
"192430.0";"2.190704"
"192440.0";"2.055274"
"192450.0";"2.207365"
"192460.0";"2.181861"
"192470.0";"2.275259"
"192480.0";"2.196473"
"192490.0";"2.252997"
"192500.0";"2.243357"
"192510.0";"2.130669"
"192520.0";"2.134869"
"192530.0";"2.308221"
"192540.0";"2.359095"
"192550.0";"2.210449"
"192560.0";"2.402888"
"192570.0";"2.25878"
"192580.0";"2.237518"
"192590.0";"2.250256"
"192600.0";"2.179685"
"192610.0";"2.162836"
"192620.0";"2.098111"
"192630.0";"2.110748"
"192640.0";"2.137592"
"192650.0";"2.147929"
"192660.0";"2.159166"
"192670.0";"2.13083"
"192680.0";"2.183501"
"192690.0";"2.221066"
"192700.0";"2.160161"
"192710.0";"2.155642"
"192720.0";"2.016239"
"192730.0";"2.0785"
"192740.0";"2.051434"
"192750.0";"2.041888"
"192760.0";"2.050982"
"192770.0";"2.022882"
"192780.0";"2.00897"
"192790.0";"2.051449"
"192800.0";"1.970598"
"192810.0";"2.062736"
"192820.0";"2.054421"
"192830.0";"2.065388"
"192840.0";"2.081878"
"192850.0";"2.141529"
"192860.0";"2.108426"
"192870.0";"2.089288"
"192880.0";"2.091891"
"192890.0";"2.030302"
"192900.0";"2.037055"
"192910.0";"2.051168"
"192920.0";"2.038392"
"192930.0";"2.083199"
"192940.0";"2.044637"
"192950.0";"2.025466"
"192960.0";"2.099011"
"192970.0";"2.117375"
"192980.0";"2.098257"
"192990.0";"2.178244"
"193000.0";"2.10964"
"193010.0";"2.081302"
"193020.0";"2.062873"
"193030.0";"2.030526"
"193040.0";"2.061736"
"193050.0";"2.101957"
"193060.0";"2.192672"
"193070.0";"2.136397"
"193080.0";"2.131856"
"193090.0";"2.264448"
"193100.0";"2.212897"
"193110.0";"2.076175"
"193120.0";"2.093531"
"193130.0";"2.108479"
"193140.0";"2.093291"
"193150.0";"2.238582"
"193160.0";"2.141098"
"193170.0";"2.168427"
"193180.0";"2.275136"
"193190.0";"2.097072"
"193200.0";"2.13658"
"193210.0";"2.067945"
"193220.0";"2.216866"
"193230.0";"2.090335"
"193240.0";"2.199628"
"193250.0";"2.199237"
"193260.0";"2.094184"
"193270.0";"2.175426"
"193280.0";"2.243477"
"193290.0";"2.108267"
"193300.0";"2.151262"
"193310.0";"2.068626"
"193320.0";"2.17326"
"193330.0";"2.182801"
"193340.0";"2.226834"
"193350.0";"2.121924"
"193360.0";"2.212714"
"193370.0";"2.180322"
"193380.0";"2.173984"
"193390.0";"2.188585"
"193400.0";"2.23357"
"193410.0";"2.278164"
"193420.0";"2.214095"
"193430.0";"2.178778"
"193440.0";"2.174912"
"193450.0";"2.257274"
"193460.0";"2.215153"
"193470.0";"2.11144"
"193480.0";"2.258772"
"193490.0";"2.281818"
"193500.0";"2.203384"
"193510.0";"2.212828"
"193520.0";"2.198613"
"193530.0";"2.241472"
"193540.0";"2.171807"
"193550.0";"2.273066"
"193560.0";"2.230088"
"193570.0";"2.259999"
"193580.0";"2.221888"
"193590.0";"2.18005"
"193600.0";"2.23702"
"193610.0";"2.176824"
"193620.0";"2.129029"
"193630.0";"2.20171"
"193640.0";"2.249013"
"193650.0";"2.205009"
"193660.0";"2.094352"
"193670.0";"2.205144"
"193680.0";"2.089328"
"193690.0";"2.203542"
"193700.0";"2.273331"
"193710.0";"2.120556"
"193720.0";"2.141307"
"193730.0";"2.157971"
"193740.0";"2.156243"
"193750.0";"2.19007"
"193760.0";"2.256413"
"193770.0";"2.216472"
"193780.0";"2.140847"
"193790.0";"2.229043"
"193800.0";"2.180205"
"193810.0";"2.197554"
"193820.0";"2.204151"
"193830.0";"2.217562"
"193840.0";"2.187849"
"193850.0";"2.220148"
"193860.0";"2.192718"
"193870.0";"2.205676"
"193880.0";"2.172909"
"193890.0";"2.149715"
"193900.0";"2.100041"
"193910.0";"2.106284"
"193920.0";"2.130316"
"193930.0";"2.064082"
"193940.0";"2.067922"
"193950.0";"2.112182"
"193960.0";"2.128508"
"193970.0";"2.146992"
"193980.0";"2.105195"
"193990.0";"2.1006"
"194000.0";"2.130976"
"194010.0";"2.096275"
"194020.0";"2.028183"
"194030.0";"2.003016"
"194040.0";"1.998026"
"194050.0";"1.997018"
"194060.0";"2.016116"
"194070.0";"2.014602"
"194080.0";"1.940279"
"194090.0";"1.948026"
"194100.0";"2.037719"
"194110.0";"1.975123"
"194120.0";"2.055231"
"194130.0";"2.070597"
"194140.0";"2.074513"
"194150.0";"2.026594"
"194160.0";"2.056112"
"194170.0";"1.977684"
"194180.0";"2.017625"
"194190.0";"2.056153"
"194200.0";"2.08018"
"194210.0";"1.964941"
"194220.0";"2.102828"
"194230.0";"1.915238"
"194240.0";"1.959217"
"194250.0";"1.946465"
"194260.0";"1.96978"
"194270.0";"2.033147"
"194280.0";"2.068485"
"194290.0";"2.108128"
"194300.0";"2.129157"
"194310.0";"2.061021"
"194320.0";"2.165703"
"194330.0";"2.130777"
"194340.0";"2.149428"
"194350.0";"2.123739"
"194360.0";"2.064319"
"194370.0";"2.01949"
"194380.0";"2.047457"
"194390.0";"2.116604"
"194400.0";"2.084146"
"194410.0";"2.033335"
"194420.0";"2.090841"
"194430.0";"2.0065"
"194440.0";"2.071973"
"194450.0";"2.064626"
"194460.0";"2.041315"
"194470.0";"2.049613"
"194480.0";"1.952349"
"194490.0";"2.135377"
"194500.0";"2.133705"
"194510.0";"2.052827"
"194520.0";"2.073786"
"194530.0";"2.037135"
"194540.0";"2.023459"
"194550.0";"2.049349"
"194560.0";"2.00862"
"194570.0";"2.113425"
"194580.0";"2.090745"
"194590.0";"2.046888"
"194600.0";"2.081823"
"194610.0";"2.145677"
"194620.0";"2.136634"
"194630.0";"2.1436"
"194640.0";"2.223538"
"194650.0";"2.151932"
"194660.0";"2.320972"
"194670.0";"2.233231"
"194680.0";"2.249752"
"194690.0";"2.183632"
"194700.0";"2.135969"
"194710.0";"2.129935"
"194720.0";"2.119554"
"194730.0";"2.074936"
"194740.0";"2.127182"
"194750.0";"2.219348"
"194760.0";"2.234938"
"194770.0";"2.26491"
"194780.0";"2.23616"
"194790.0";"2.250316"
"194800.0";"2.312869"
"194810.0";"2.041547"
"194820.0";"2.263343"
"194830.0";"2.239731"
"194840.0";"2.212611"
"194850.0";"2.234414"
"194860.0";"2.253176"
"194870.0";"2.227476"
"194880.0";"2.262633"
"194890.0";"2.337723"
"194900.0";"2.124688"
"194910.0";"2.131615"
"194920.0";"2.262096"
"194930.0";"2.160408"
"194940.0";"2.184491"
"194950.0";"2.193974"
"194960.0";"2.250483"
"194970.0";"2.252272"
"194980.0";"2.298447"
"194990.0";"2.194542"
"195000.0";"2.138256"
"195010.0";"2.223182"
"195020.0";"2.227918"
"195030.0";"2.271084"
"195040.0";"2.305078"
"195050.0";"2.203621"
"195060.0";"2.225424"
"195070.0";"2.24318"
"195080.0";"2.183511"
"195090.0";"2.209845"
"195100.0";"2.205779"
"195110.0";"2.21381"
"195120.0";"2.20453"
"195130.0";"2.304668"
"195140.0";"2.283321"
"195150.0";"2.283412"
"195160.0";"2.293194"
"195170.0";"2.335575"
"195180.0";"2.2515"
"195190.0";"2.208417"
"195200.0";"2.208397"
"195210.0";"2.1543"
"195220.0";"2.080668"
"195230.0";"2.134559"
"195240.0";"2.116514"
"195250.0";"2.115963"
"195260.0";"2.174154"
"195270.0";"2.091408"
"195280.0";"2.199585"
"195290.0";"2.092361"
"195300.0";"2.128811"
"195310.0";"2.106124"
"195320.0";"2.160146"
"195330.0";"2.122483"
"195340.0";"2.146764"
"195350.0";"2.121735"
"195360.0";"2.118613"
"195370.0";"2.217872"
"195380.0";"2.236729"
"195390.0";"2.172209"
"195400.0";"2.289183"
"195410.0";"2.23424"
"195420.0";"2.214305"
"195430.0";"2.160662"
"195440.0";"2.156893"
"195450.0";"2.15783"
"195460.0";"2.203004"
"195470.0";"2.173075"
"195480.0";"2.158302"
"195490.0";"2.144532"
"195500.0";"2.106685"
"195510.0";"2.148286"
"195520.0";"2.120726"
"195530.0";"2.10974"
"195540.0";"2.135671"
"195550.0";"2.167007"
"195560.0";"2.154967"
"195570.0";"2.161962"
"195580.0";"2.220322"
"195590.0";"2.127307"
"195600.0";"2.153211"
"195610.0";"2.185277"
"195620.0";"2.171899"
"195630.0";"2.192296"
"195640.0";"2.151151"
"195650.0";"2.150947"
"195660.0";"2.172054"
"195670.0";"2.108282"
"195680.0";"2.096"
"195690.0";"2.102435"
"195700.0";"2.099818"
"195710.0";"2.168676"
"195720.0";"2.116425"
"195730.0";"2.141443"
"195740.0";"2.124642"
"195750.0";"2.187427"
"195760.0";"2.117609"
"195770.0";"2.124781"
"195780.0";"2.154378"
"195790.0";"2.146482"
"195800.0";"2.132481"
"195810.0";"2.096598"
"195820.0";"2.064923"
"195830.0";"2.107724"
"195840.0";"2.144122"
"195850.0";"2.155897"
"195860.0";"2.069507"
"195870.0";"2.121122"
"195880.0";"2.216739"
"195890.0";"2.09416"
"195900.0";"2.181715"
"195910.0";"2.115333"
"195920.0";"2.053633"
"195930.0";"2.084719"
"195940.0";"2.111703"
"195950.0";"2.06589"
"195960.0";"2.095051"
"195970.0";"2.082"
"195980.0";"2.055058"
"195990.0";"2.106436"
"196000.0";"2.112482"
"196010.0";"2.062338"
"196020.0";"2.127074"
"196030.0";"2.123142"
"196040.0";"2.168658"
"196050.0";"2.099694"
"196060.0";"2.133932"
"196070.0";"2.083812"
"196080.0";"2.157882"
"196090.0";"2.124612"
"196100.0";"2.148561"
"196110.0";"2.089627"
"196120.0";"2.079621"
"196130.0";"2.046119"
"196140.0";"2.049791"
"196150.0";"1.973805"
"196160.0";"2.045926"
"196170.0";"2.019294"
"196180.0";"2.022099"
"196190.0";"1.99482"
"196200.0";"1.982682"
"196210.0";"2.044168"
"196220.0";"2.064586"
"196230.0";"2.056213"
"196240.0";"2.086622"
"196250.0";"2.022176"
"196260.0";"2.049538"
"196270.0";"2.107331"
"196280.0";"2.012414"
"196290.0";"2.052895"
"196300.0";"2.098035"
"196310.0";"2.005138"
"196320.0";"2.068425"
"196330.0";"2.067876"
"196340.0";"2.026787"
"196350.0";"2.047303"
"196360.0";"2.068791"
"196370.0";"2.051772"
"196380.0";"2.027187"
"196390.0";"2.008087"
"196400.0";"2.036639"
"196410.0";"2.06487"
"196420.0";"2.067772"
"196430.0";"2.063094"
"196440.0";"2.066073"
"196450.0";"2.018732"
"196460.0";"2.014379"
"196470.0";"2.023028"
"196480.0";"2.052067"
"196490.0";"2.049171"
"196500.0";"2.028537"
"196510.0";"2.054818"
"196520.0";"2.056552"
"196530.0";"2.030656"
"196540.0";"2.046528"
"196550.0";"2.062093"
"196560.0";"2.053717"
"196570.0";"2.069416"
"196580.0";"1.991703"
"196590.0";"2.029626"
"196600.0";"2.06108"
"196610.0";"2.017248"
"196620.0";"2.019825"
"196630.0";"2.04541"
"196640.0";"2.023333"
"196650.0";"1.991057"
"196660.0";"1.994"
"196670.0";"1.988651"
"196680.0";"2.011467"
"196690.0";"1.995131"
"196700.0";"2.057778"
"196710.0";"2.004975"
"196720.0";"2.027894"
"196730.0";"2.042139"
"196740.0";"2.06471"
"196750.0";"2.046544"
"196760.0";"2.116259"
"196770.0";"2.040981"
"196780.0";"2.140267"
"196790.0";"2.04263"
"196800.0";"2.030851"
"196810.0";"2.066598"
"196820.0";"2.089282"
"196830.0";"2.080765"
"196840.0";"2.033117"
"196850.0";"2.082866"
"196860.0";"2.007531"
"196870.0";"2.03047"
"196880.0";"2.085383"
"196890.0";"2.113949"
"196900.0";"2.129108"
"196910.0";"2.077611"
"196920.0";"2.108407"
"196930.0";"2.079328"
"196940.0";"2.1699"
"196950.0";"2.14148"
"196960.0";"2.167305"
"196970.0";"2.163474"
"196980.0";"2.121719"
"196990.0";"2.116599"
"197000.0";"2.047726"
"197010.0";"2.087544"
"197020.0";"2.196821"
"197030.0";"2.116225"
"197040.0";"2.149325"
"197050.0";"2.110024"
"197060.0";"2.072808"
"197070.0";"2.14182"
"197080.0";"2.053717"
"197090.0";"2.115061"
"197100.0";"2.116889"
"197110.0";"2.036724"
"197120.0";"2.005209"
"197130.0";"2.053131"
"197140.0";"2.080387"
"197150.0";"2.071275"
"197160.0";"2.103531"
"197170.0";"2.192385"
"197180.0";"2.028691"
"197190.0";"2.144111"
"197200.0";"2.016969"
"197210.0";"2.075372"
"197220.0";"2.071416"
"197230.0";"2.019994"
"197240.0";"2.106349"
"197250.0";"2.060053"
"197260.0";"2.069689"
"197270.0";"2.102973"
"197280.0";"2.098261"
"197290.0";"2.041136"
"197300.0";"2.064875"
"197310.0";"2.143107"
"197320.0";"2.244891"
"197330.0";"2.10872"
"197340.0";"2.123856"
"197350.0";"2.098485"
"197360.0";"2.080717"
"197370.0";"2.155577"
"197380.0";"2.061779"
"197390.0";"2.086024"
"197400.0";"2.082789"
"197410.0";"2.108061"
"197420.0";"2.130533"
"197430.0";"2.102604"
"197440.0";"2.144236"
"197450.0";"2.12696"
"197460.0";"2.0859"
"197470.0";"2.095745"
"197480.0";"2.115036"
"197490.0";"2.125573"
"197500.0";"2.057429"
"197510.0";"2.107006"
"197520.0";"2.154517"
"197530.0";"2.093405"
"197540.0";"2.087683"
"197550.0";"2.059747"
"197560.0";"2.180448"
"197570.0";"2.12054"
"197580.0";"2.097768"
"197590.0";"2.083597"
"197600.0";"2.06497"
"197610.0";"2.103955"
"197620.0";"2.11643"
"197630.0";"2.065387"
"197640.0";"2.095259"
"197650.0";"2.067891"
"197660.0";"2.084216"
"197670.0";"2.125153"
"197680.0";"2.133286"
"197690.0";"2.09025"
"197700.0";"2.081758"
"197710.0";"2.152111"
"197720.0";"2.160383"
"197730.0";"2.167076"
"197740.0";"2.155121"
"197750.0";"2.157735"
"197760.0";"2.123091"
"197770.0";"2.206806"
"197780.0";"2.111915"
"197790.0";"2.114037"
"197800.0";"2.132425"
"197810.0";"2.097748"
"197820.0";"2.095482"
"197830.0";"2.155926"
"197840.0";"2.086129"
"197850.0";"2.165368"
"197860.0";"2.149377"
"197870.0";"2.161754"
"197880.0";"2.103003"
"197890.0";"2.134785"
"197900.0";"2.118442"
"197910.0";"2.136722"
"197920.0";"2.141599"
"197930.0";"2.09595"
"197940.0";"2.093536"
"197950.0";"2.080267"
"197960.0";"2.11408"
"197970.0";"2.082107"
"197980.0";"2.157996"
"197990.0";"2.125434"
"198000.0";"2.120653"
"198010.0";"2.153018"
"198020.0";"2.172007"
"198030.0";"2.171246"
"198040.0";"2.155331"
"198050.0";"2.053848"
"198060.0";"2.06328"
"198070.0";"2.099911"
"198080.0";"2.058163"
"198090.0";"2.038073"
"198100.0";"2.09561"
"198110.0";"2.082692"
"198120.0";"2.045985"
"198130.0";"2.127718"
"198140.0";"2.040922"
"198150.0";"2.10556"
"198160.0";"2.077563"
"198170.0";"2.057443"
"198180.0";"2.115418"
"198190.0";"2.050012"
"198200.0";"2.093006"
"198210.0";"2.149792"
"198220.0";"2.140764"
"198230.0";"2.054229"
"198240.0";"2.152829"
"198250.0";"2.124616"
"198260.0";"2.173919"
"198270.0";"2.099947"
"198280.0";"2.127188"
"198290.0";"2.129384"
"198300.0";"2.115472"
"198310.0";"2.076501"
"198320.0";"2.118859"
"198330.0";"2.077466"
"198340.0";"2.115762"
"198350.0";"2.093447"
"198360.0";"2.084398"
"198370.0";"2.154029"
"198380.0";"2.127878"
"198390.0";"2.137095"
"198400.0";"2.151716"
"198410.0";"2.155503"
"198420.0";"2.121592"
"198430.0";"2.122922"
"198440.0";"2.141888"
"198450.0";"2.115813"
"198460.0";"2.121642"
"198470.0";"2.12773"
"198480.0";"2.143825"
"198490.0";"2.147327"
"198500.0";"2.124056"
"198510.0";"2.108845"
"198520.0";"2.163249"
"198530.0";"2.163909"
"198540.0";"2.089938"
"198550.0";"2.156476"
"198560.0";"2.143332"
"198570.0";"2.132336"
"198580.0";"2.099203"
"198590.0";"2.117287"
"198600.0";"2.186346"
"198610.0";"2.110847"
"198620.0";"2.13631"
"198630.0";"2.098219"
"198640.0";"2.108833"
"198650.0";"2.088845"
"198660.0";"2.079556"
"198670.0";"2.156095"
"198680.0";"2.123286"
"198690.0";"2.087099"
"198700.0";"2.088373"
"198710.0";"2.138286"
"198720.0";"2.079444"
"198730.0";"2.115413"
"198740.0";"2.104703"
"198750.0";"2.073833"
"198760.0";"2.085606"
"198770.0";"2.158686"
"198780.0";"2.114224"
"198790.0";"2.134541"
"198800.0";"2.155945"
"198810.0";"2.127281"
"198820.0";"2.105479"
"198830.0";"2.103079"
"198840.0";"2.147751"
"198850.0";"2.084254"
"198860.0";"2.130357"
"198870.0";"2.122215"
"198880.0";"2.099735"
"198890.0";"2.143668"
"198900.0";"2.114053"
"198910.0";"2.076831"
"198920.0";"2.180086"
"198930.0";"2.158966"
"198940.0";"2.095589"
"198950.0";"2.10222"
"198960.0";"2.095639"
"198970.0";"2.147899"
"198980.0";"2.162395"
"198990.0";"2.139689"
"199000.0";"2.149114"
"199010.0";"2.14322"
"199020.0";"2.219266"
"199030.0";"2.239952"
"199040.0";"2.187385"
"199050.0";"2.212601"
"199060.0";"2.122805"
"199070.0";"2.168407"
"199080.0";"2.08339"
"199090.0";"2.127037"
"199100.0";"2.182685"
"199110.0";"2.151844"
"199120.0";"2.1234"
"199130.0";"2.164192"
"199140.0";"2.151492"
"199150.0";"2.190161"
"199160.0";"2.200208"
"199170.0";"2.153311"
"199180.0";"2.19065"
"199190.0";"2.146186"
"199200.0";"2.125907"
"199210.0";"2.073794"
"199220.0";"2.074906"
"199230.0";"2.160262"
"199240.0";"2.063274"
"199250.0";"2.073354"
"199260.0";"2.103536"
"199270.0";"2.073026"
"199280.0";"2.098325"
"199290.0";"2.088438"
"199300.0";"2.094519"
"199310.0";"2.067855"
"199320.0";"2.093396"
"199330.0";"2.147425"
"199340.0";"2.102957"
"199350.0";"2.107351"
"199360.0";"2.07972"
"199370.0";"2.108703"
"199380.0";"2.147894"
"199390.0";"2.13513"
"199400.0";"2.085929"
"199410.0";"2.066174"
"199420.0";"2.078712"
"199430.0";"2.131151"
"199440.0";"2.074235"
"199450.0";"2.170806"
"199460.0";"2.119709"
"199470.0";"2.140204"
"199480.0";"2.134104"
"199490.0";"2.127843"
"199500.0";"2.102371"
"199510.0";"2.062463"
"199520.0";"2.109445"
"199530.0";"2.103065"
"199540.0";"2.168754"
"199550.0";"2.125162"
"199560.0";"2.136844"
"199570.0";"2.113447"
"199580.0";"2.15109"
"199590.0";"2.139022"
"199600.0";"2.192764"
"199610.0";"2.193806"
"199620.0";"2.189297"
"199630.0";"2.204333"
"199640.0";"2.171782"
"199650.0";"2.088217"
"199660.0";"2.135006"
"199670.0";"2.07505"
"199680.0";"2.117909"
"199690.0";"2.105932"
"199700.0";"2.086507"
"199710.0";"2.038953"
"199720.0";"2.043103"
"199730.0";"2.061315"
"199740.0";"2.0685"
"199750.0";"2.103392"
"199760.0";"2.100858"
"199770.0";"2.090216"
"199780.0";"2.048574"
"199790.0";"2.067955"
"199800.0";"2.068548"
"199810.0";"2.074202"
"199820.0";"2.090218"
"199830.0";"2.068669"
"199840.0";"2.123683"
"199850.0";"2.112502"
"199860.0";"2.106569"
"199870.0";"2.10488"
"199880.0";"2.048716"
"199890.0";"2.117478"
"199900.0";"2.099703"
"199910.0";"2.101206"
"199920.0";"2.131052"
"199930.0";"2.182635"
"199940.0";"2.109911"
"199950.0";"2.147849"
"199960.0";"2.063972"
"199970.0";"2.115684"
"199980.0";"2.138632"
"199990.0";"2.083837"
"200000.0";"2.054238"
"200010.0";"2.112326"
"200020.0";"2.065944"
"200030.0";"2.097811"
"200040.0";"2.083318"
"200050.0";"2.01987"
"200060.0";"2.12251"
"200070.0";"2.029905"
"200080.0";"2.037853"
"200090.0";"2.094222"
"200100.0";"2.080569"
"200110.0";"2.111277"
"200120.0";"2.09917"
"200130.0";"2.080943"
"200140.0";"2.131368"
"200150.0";"2.057553"
"200160.0";"2.097558"
"200170.0";"2.082274"
"200180.0";"2.048484"
"200190.0";"2.106962"
"200200.0";"2.09573"
"200210.0";"2.061856"
"200220.0";"2.079859"
"200230.0";"2.082079"
"200240.0";"2.058168"
"200250.0";"2.059389"
"200260.0";"2.063493"
"200270.0";"2.15258"
"200280.0";"2.057459"
"200290.0";"2.12954"
"200300.0";"2.070084"
"200310.0";"2.111452"
"200320.0";"2.052611"
"200330.0";"2.106568"
"200340.0";"2.160765"
"200350.0";"2.098898"
"200360.0";"2.067494"
"200370.0";"2.025587"
"200380.0";"2.069916"
"200390.0";"2.065435"
"200400.0";"2.083179"
"200410.0";"2.114711"
"200420.0";"2.070642"
"200430.0";"2.047733"
"200440.0";"2.10481"
"200450.0";"2.056584"
"200460.0";"2.113067"
"200470.0";"2.092883"
"200480.0";"2.031407"
"200490.0";"2.107774"
"200500.0";"2.076916"
"200510.0";"2.068476"
"200520.0";"2.057698"
"200530.0";"2.092053"
"200540.0";"2.079637"
"200550.0";"2.043223"
"200560.0";"2.113552"
"200570.0";"2.030554"
"200580.0";"2.042376"
"200590.0";"2.102218"
"200600.0";"2.075618"
"200610.0";"2.108886"
"200620.0";"2.109717"
"200630.0";"2.172305"
"200640.0";"2.116353"
"200650.0";"2.182008"
"200660.0";"2.150022"
"200670.0";"2.230476"
"200680.0";"2.17383"
"200690.0";"2.222513"
"200700.0";"2.239529"
"200710.0";"2.208885"
"200720.0";"2.191798"
"200730.0";"2.238002"
"200740.0";"2.206985"
"200750.0";"2.162097"
"200760.0";"2.170745"
"200770.0";"2.127317"
"200780.0";"2.151268"
"200790.0";"2.157259"
"200800.0";"2.131291"
"200810.0";"2.143149"
"200820.0";"2.145261"
"200830.0";"2.137154"
"200840.0";"2.108389"
"200850.0";"2.10828"
"200860.0";"2.052302"
"200870.0";"2.097205"
"200880.0";"2.104316"
"200890.0";"2.140044"
"200900.0";"2.046639"
"200910.0";"2.109769"
"200920.0";"2.114792"
"200930.0";"2.14685"
"200940.0";"2.170138"
"200950.0";"2.148659"
"200960.0";"2.213939"
"200970.0";"2.115762"
"200980.0";"2.140748"
"200990.0";"2.158048"
"201000.0";"2.235538"
"201010.0";"2.140274"
"201020.0";"2.185575"
"201030.0";"2.159138"
"201040.0";"2.164294"
"201050.0";"2.05412"
"201060.0";"2.048323"
"201070.0";"2.102082"
"201080.0";"2.150611"
"201090.0";"2.237609"
"201100.0";"2.180283"
"201110.0";"2.163964"
"201120.0";"2.285081"
"201130.0";"2.145064"
"201140.0";"2.212039"
"201150.0";"2.104591"
"201160.0";"2.163785"
"201170.0";"2.217956"
"201180.0";"2.225483"
"201190.0";"2.259801"
"201200.0";"2.234696"
"201210.0";"2.199087"
"201220.0";"2.291227"
"201230.0";"2.265075"
"201240.0";"2.253988"
"201250.0";"2.212141"
"201260.0";"2.22845"
"201270.0";"2.223369"
"201280.0";"2.280757"
"201290.0";"2.354331"
"201300.0";"2.256109"
"201310.0";"2.34882"
"201320.0";"2.294225"
"201330.0";"2.293965"
"201340.0";"2.339515"
"201350.0";"2.262172"
"201360.0";"2.241311"
"201370.0";"2.163659"
"201380.0";"2.136921"
"201390.0";"2.192414"
"201400.0";"2.23002"
"201410.0";"2.179263"
"201420.0";"2.215185"
"201430.0";"2.340708"
"201440.0";"2.193861"
"201450.0";"2.287974"
"201460.0";"2.243809"
"201470.0";"2.266273"
"201480.0";"2.242781"
"201490.0";"2.229682"
"201500.0";"2.292205"
"201510.0";"2.214564"
"201520.0";"2.139163"
"201530.0";"2.132045"
"201540.0";"2.115585"
"201550.0";"2.105232"
"201560.0";"2.207067"
"201570.0";"2.188014"
"201580.0";"2.170774"
"201590.0";"2.15866"
"201600.0";"2.200955"
"201610.0";"2.135536"
"201620.0";"2.162301"
"201630.0";"2.107998"
"201640.0";"2.099559"
"201650.0";"2.153967"
"201660.0";"2.119173"
"201670.0";"2.191336"
"201680.0";"2.141048"
"201690.0";"2.153782"
"201700.0";"2.09794"
"201710.0";"2.136825"
"201720.0";"2.106984"
"201730.0";"2.092806"
"201740.0";"2.054526"
"201750.0";"2.075936"
"201760.0";"2.067478"
"201770.0";"2.115509"
"201780.0";"2.130031"
"201790.0";"2.091444"
"201800.0";"2.113247"
"201810.0";"2.085955"
"201820.0";"2.076128"
"201830.0";"2.070142"
"201840.0";"2.078207"
"201850.0";"2.097112"
"201860.0";"2.152706"
"201870.0";"2.127754"
"201880.0";"2.13409"
"201890.0";"2.164974"
"201900.0";"2.121841"
"201910.0";"2.132057"
"201920.0";"2.077249"
"201930.0";"2.146597"
"201940.0";"2.101638"
"201950.0";"2.086875"
"201960.0";"2.134927"
"201970.0";"2.120298"
"201980.0";"2.062613"
"201990.0";"2.07266"
"202000.0";"2.154746"
"202010.0";"2.087801"
"202020.0";"2.134178"
"202030.0";"2.08528"
"202040.0";"2.133585"
"202050.0";"2.068458"
"202060.0";"2.07504"
"202070.0";"2.09142"
"202080.0";"2.196455"
"202090.0";"2.035457"
"202100.0";"2.093775"
"202110.0";"2.070186"
"202120.0";"2.084358"
"202130.0";"2.035987"
"202140.0";"2.142388"
"202150.0";"2.087697"
"202160.0";"2.080635"
"202170.0";"2.076162"
"202180.0";"2.158179"
"202190.0";"2.089904"
"202200.0";"2.091929"
"202210.0";"2.10091"
"202220.0";"2.059296"
"202230.0";"2.133023"
"202240.0";"2.0547"
"202250.0";"2.078379"
"202260.0";"2.126244"
"202270.0";"2.11114"
"202280.0";"2.148858"
"202290.0";"2.082127"
"202300.0";"2.086866"
"202310.0";"2.146982"
"202320.0";"2.076127"
"202330.0";"2.131914"
"202340.0";"2.190345"
"202350.0";"2.048518"
"202360.0";"2.071633"
"202370.0";"2.152479"
"202380.0";"2.097409"
"202390.0";"2.123621"
"202400.0";"2.024492"
"202410.0";"2.110681"
"202420.0";"2.094223"
"202430.0";"2.104602"
"202440.0";"2.086635"
"202450.0";"2.030478"
"202460.0";"2.075512"
"202470.0";"2.040521"
"202480.0";"2.074942"
"202490.0";"2.124961"
"202500.0";"2.026295"
"202510.0";"2.143364"
"202520.0";"2.16741"
"202530.0";"2.021847"
"202540.0";"2.083825"
"202550.0";"2.063475"
"202560.0";"2.052862"
"202570.0";"2.029085"
"202580.0";"2.069681"
"202590.0";"2.068157"
"202600.0";"2.118504"
"202610.0";"2.125879"
"202620.0";"2.084982"
"202630.0";"2.10338"
"202640.0";"2.078085"
"202650.0";"2.091375"
"202660.0";"2.152637"
"202670.0";"2.057747"
"202680.0";"2.083614"
"202690.0";"2.106756"
"202700.0";"2.005851"
"202710.0";"2.067511"
"202720.0";"2.034767"
"202730.0";"2.024071"
"202740.0";"2.028761"
"202750.0";"2.00998"
"202760.0";"2.105721"
"202770.0";"2.11099"
"202780.0";"2.085697"
"202790.0";"2.089111"
"202800.0";"2.103125"
"202810.0";"2.063707"
"202820.0";"2.032233"
"202830.0";"2.054123"
"202840.0";"2.090754"
"202850.0";"2.087106"
"202860.0";"2.073117"
"202870.0";"2.156539"
"202880.0";"2.078428"
"202890.0";"2.043342"
"202900.0";"2.118217"
"202910.0";"2.125522"
"202920.0";"2.08115"
"202930.0";"2.061586"
"202940.0";"2.09348"
"202950.0";"2.06157"
"202960.0";"2.052845"
"202970.0";"2.029909"
"202980.0";"2.086035"
"202990.0";"2.099702"
"203000.0";"2.092263"
"203010.0";"2.080565"
"203020.0";"2.120625"
"203030.0";"2.083818"
"203040.0";"2.141389"
"203050.0";"2.041633"
"203060.0";"2.059424"
"203070.0";"2.10278"
"203080.0";"2.095968"
"203090.0";"2.082872"
"203100.0";"2.104056"
"203110.0";"2.052891"
"203120.0";"2.025771"
"203130.0";"2.078935"
"203140.0";"2.069557"
"203150.0";"2.117137"
"203160.0";"2.132411"
"203170.0";"2.099419"
"203180.0";"2.103075"
"203190.0";"2.075722"
"203200.0";"2.139276"
"203210.0";"2.0896"
"203220.0";"2.088592"
"203230.0";"2.073519"
"203240.0";"2.075472"
"203250.0";"2.049351"
"203260.0";"2.083586"
"203270.0";"2.053529"
"203280.0";"2.077773"
"203290.0";"2.081286"
"203300.0";"2.097476"
"203310.0";"2.097973"
"203320.0";"1.987163"
"203330.0";"2.08443"
"203340.0";"2.130088"
"203350.0";"2.147057"
"203360.0";"2.067444"
"203370.0";"2.132982"
"203380.0";"2.052586"
"203390.0";"2.137352"
"203400.0";"2.096661"
"203410.0";"2.034553"
"203420.0";"2.022193"
"203430.0";"2.029412"
"203440.0";"2.069273"
"203450.0";"2.11178"
"203460.0";"2.051163"
"203470.0";"2.13271"
"203480.0";"2.10066"
"203490.0";"2.077089"
"203500.0";"2.161765"
"203510.0";"2.113827"
"203520.0";"2.050448"
"203530.0";"2.178688"
"203540.0";"2.057901"
"203550.0";"2.075266"
"203560.0";"2.180245"
"203570.0";"2.052438"
"203580.0";"2.116316"
"203590.0";"2.115313"
"203600.0";"2.124754"
"203610.0";"2.114769"
"203620.0";"2.106205"
"203630.0";"2.046638"
"203640.0";"2.147819"
"203650.0";"2.059342"
"203660.0";"2.10448"
"203670.0";"2.079574"
"203680.0";"2.049228"
"203690.0";"2.116389"
"203700.0";"2.092708"
"203710.0";"2.129775"
"203720.0";"2.055988"
"203730.0";"2.087142"
"203740.0";"2.067105"
"203750.0";"2.131212"
"203760.0";"2.123"
"203770.0";"2.09538"
"203780.0";"2.070495"
"203790.0";"2.105678"
"203800.0";"2.075475"
"203810.0";"2.138153"
"203820.0";"2.14125"
"203830.0";"2.089183"
"203840.0";"2.049907"
"203850.0";"2.04828"
"203860.0";"2.034785"
"203870.0";"2.10912"
"203880.0";"2.131677"
"203890.0";"2.087711"
"203900.0";"2.077183"
"203910.0";"2.060564"
"203920.0";"2.141228"
"203930.0";"2.081293"
"203940.0";"2.11602"
"203950.0";"2.082677"
"203960.0";"2.083797"
"203970.0";"2.193627"
"203980.0";"2.042308"
"203990.0";"2.202933"
"204000.0";"2.163463"
"204010.0";"2.04408"
"204020.0";"2.085682"
"204030.0";"2.038922"
"204040.0";"2.062395"
"204050.0";"2.09234"
"204060.0";"2.094743"
"204070.0";"2.143967"
"204080.0";"2.1145"
"204090.0";"2.044367"
"204100.0";"2.082957"
"204110.0";"2.060639"
"204120.0";"2.100764"
"204130.0";"2.060685"
"204140.0";"2.027054"
"204150.0";"2.074445"
"204160.0";"2.082265"
"204170.0";"2.059453"
"204180.0";"2.105743"
"204190.0";"2.13481"
"204200.0";"2.09822"
"204210.0";"2.098949"
"204220.0";"2.118461"
"204230.0";"2.114164"
"204240.0";"2.088211"
"204250.0";"2.099496"
"204260.0";"2.167614"
"204270.0";"2.14646"
"204280.0";"2.05864"
"204290.0";"2.012099"
"204300.0";"2.086498"
"204310.0";"2.081965"
"204320.0";"2.095459"
"204330.0";"2.065114"
"204340.0";"2.064199"
"204350.0";"2.063078"
"204360.0";"2.095124"
"204370.0";"2.090809"
"204380.0";"2.103606"
"204390.0";"2.121907"
"204400.0";"2.091537"
"204410.0";"2.139108"
"204420.0";"2.180826"
"204430.0";"2.150095"
"204440.0";"2.092262"
"204450.0";"2.109848"
"204460.0";"2.09982"
"204470.0";"2.1461"
"204480.0";"2.108686"
"204490.0";"2.12999"
"204500.0";"2.076056"
"204510.0";"2.092463"
"204520.0";"2.164349"
"204530.0";"2.120665"
"204540.0";"2.12223"
"204550.0";"2.13043"
"204560.0";"2.105293"
"204570.0";"2.036204"
"204580.0";"2.192963"
"204590.0";"2.13237"
"204600.0";"2.150745"
"204610.0";"2.219383"
"204620.0";"2.21033"
"204630.0";"2.163445"
"204640.0";"2.158191"
"204650.0";"2.214939"
"204660.0";"2.196473"
"204670.0";"2.214404"
"204680.0";"2.294459"
"204690.0";"2.245954"
"204700.0";"2.280372"
"204710.0";"2.242553"
"204720.0";"2.249461"
"204730.0";"2.263545"
"204740.0";"2.220769"
"204750.0";"2.344811"
"204760.0";"2.273201"
"204770.0";"2.258704"
"204780.0";"2.225488"
"204790.0";"2.257739"
"204800.0";"2.127158"
"204810.0";"2.106505"
"204820.0";"2.114074"
"204830.0";"2.089909"
"204840.0";"2.138838"
"204850.0";"2.106211"
"204860.0";"2.15674"
"204870.0";"2.119161"
"204880.0";"2.042471"
"204890.0";"2.090107"
"204900.0";"2.147204"
"204910.0";"2.217996"
"204920.0";"2.274835"
"204930.0";"2.126039"
"204940.0";"2.256604"
"204950.0";"2.248935"
"204960.0";"2.221182"
"204970.0";"2.205986"
"204980.0";"2.158521"
"204990.0";"2.205531"
"205000.0";"2.191895"
"205010.0";"2.219636"
"205020.0";"2.188765"
"205030.0";"2.108541"
"205040.0";"2.118332"
"205050.0";"2.227606"
"205060.0";"2.206425"
"205070.0";"2.174083"
"205080.0";"2.19854"
"205090.0";"2.148535"
"205100.0";"2.200392"
"205110.0";"2.265038"
"205120.0";"2.278042"
"205130.0";"2.14172"
"205140.0";"2.085742"
"205150.0";"2.100363"
"205160.0";"2.141601"
"205170.0";"2.079088"
"205180.0";"2.110108"
"205190.0";"2.125624"
"205200.0";"2.095827"
"205210.0";"2.113214"
"205220.0";"2.096497"
"205230.0";"2.086246"
"205240.0";"2.154457"
"205250.0";"2.086928"
"205260.0";"2.054882"
"205270.0";"2.117088"
"205280.0";"2.13048"
"205290.0";"2.208798"
"205300.0";"2.119458"
"205310.0";"2.213213"
"205320.0";"2.190349"
"205330.0";"2.164407"
"205340.0";"2.176267"
"205350.0";"2.148423"
"205360.0";"2.14318"
"205370.0";"2.185109"
"205380.0";"2.16152"
"205390.0";"2.12243"
"205400.0";"2.127307"
"205410.0";"2.220989"
"205420.0";"2.156973"
"205430.0";"2.174086"
"205440.0";"2.107574"
"205450.0";"2.162743"
"205460.0";"2.159034"
"205470.0";"2.129196"
"205480.0";"2.110024"
"205490.0";"2.153949"
"205500.0";"2.174922"
"205510.0";"2.180244"
"205520.0";"2.130384"
"205530.0";"2.149626"
"205540.0";"2.17659"
"205550.0";"2.127528"
"205560.0";"2.118894"
"205570.0";"2.096516"
"205580.0";"2.087593"
"205590.0";"2.131186"
"205600.0";"2.105828"
"205610.0";"2.094267"
"205620.0";"2.103983"
"205630.0";"2.145407"
"205640.0";"2.178634"
"205650.0";"2.20071"
"205660.0";"2.185375"
"205670.0";"2.144567"
"205680.0";"2.054174"
"205690.0";"2.164144"
"205700.0";"2.148184"
"205710.0";"2.15051"
"205720.0";"2.172721"
"205730.0";"2.215066"
"205740.0";"2.164939"
"205750.0";"2.231507"
"205760.0";"2.120256"
"205770.0";"2.140551"
"205780.0";"2.158174"
"205790.0";"2.143609"
"205800.0";"2.185741"
"205810.0";"2.119302"
"205820.0";"2.087477"
"205830.0";"2.137932"
"205840.0";"2.087366"
"205850.0";"2.1015"
"205860.0";"2.125948"
"205870.0";"2.097988"
"205880.0";"2.116228"
"205890.0";"2.129076"
"205900.0";"2.127152"
"205910.0";"2.115097"
"205920.0";"2.21788"
"205930.0";"2.121655"
"205940.0";"2.149219"
"205950.0";"2.113584"
"205960.0";"2.070343"
"205970.0";"2.144882"
"205980.0";"2.097672"
"205990.0";"2.094231"
"206000.0";"2.133708"
"206010.0";"2.113241"
"206020.0";"2.147333"
"206030.0";"2.133415"
"206040.0";"2.236005"
"206050.0";"2.151214"
"206060.0";"2.095786"
"206070.0";"2.086316"
"206080.0";"2.172185"
"206090.0";"2.157696"
"206100.0";"2.114621"
"206110.0";"2.173371"
"206120.0";"2.095752"
"206130.0";"2.170244"
"206140.0";"2.15739"
"206150.0";"2.107209"
"206160.0";"2.124871"
"206170.0";"2.169465"
"206180.0";"2.171856"
"206190.0";"2.055663"
"206200.0";"2.057029"
"206210.0";"2.128655"
"206220.0";"2.09543"
"206230.0";"2.209119"
"206240.0";"2.139737"
"206250.0";"2.076245"
"206260.0";"2.254771"
"206270.0";"2.192738"
"206280.0";"2.168153"
"206290.0";"2.103042"
"206300.0";"2.142149"
"206310.0";"2.102696"
"206320.0";"2.14457"
"206330.0";"2.142027"
"206340.0";"2.111125"
"206350.0";"2.138039"
"206360.0";"2.0499"
"206370.0";"2.091531"
"206380.0";"2.081826"
"206390.0";"2.140793"
"206400.0";"2.075128"
"206410.0";"2.076608"
"206420.0";"2.155152"
"206430.0";"2.073395"
"206440.0";"2.136846"
"206450.0";"2.124459"
"206460.0";"2.121462"
"206470.0";"2.120405"
"206480.0";"2.120418"
"206490.0";"2.129189"
"206500.0";"2.125483"
"206510.0";"2.158182"
"206520.0";"2.153285"
"206530.0";"2.213028"
"206540.0";"2.147267"
"206550.0";"2.158909"
"206560.0";"2.212378"
"206570.0";"2.160551"
"206580.0";"2.095776"
"206590.0";"2.212597"
"206600.0";"2.297769"
"206610.0";"2.170602"
"206620.0";"2.216233"
"206630.0";"2.277977"
"206640.0";"2.250509"
"206650.0";"2.197277"
"206660.0";"2.310869"
"206670.0";"2.201197"
"206680.0";"2.194802"
"206690.0";"2.171776"
"206700.0";"2.118976"
"206710.0";"2.127527"
"206720.0";"2.112973"
"206730.0";"2.143689"
"206740.0";"2.144687"
"206750.0";"2.131418"
"206760.0";"2.122743"
"206770.0";"2.148265"
"206780.0";"2.073778"
"206790.0";"2.122212"
"206800.0";"2.10162"
"206810.0";"2.109959"
"206820.0";"2.123782"
"206830.0";"2.118185"
"206840.0";"2.083173"
"206850.0";"2.071316"
"206860.0";"2.103934"
"206870.0";"2.071668"
"206880.0";"2.001394"
"206890.0";"2.074049"
"206900.0";"2.030591"
"206910.0";"2.039632"
"206920.0";"2.095847"
"206930.0";"2.032694"
"206940.0";"2.054839"
"206950.0";"2.073566"
"206960.0";"2.110111"
"206970.0";"2.137247"
"206980.0";"2.088058"
"206990.0";"2.134448"
"207000.0";"2.090628"
"207010.0";"2.100653"
"207020.0";"2.111327"
"207030.0";"2.07681"
"207040.0";"2.128363"
"207050.0";"2.079301"
"207060.0";"2.144721"
"207070.0";"2.101259"
"207080.0";"2.071131"
"207090.0";"2.120111"
"207100.0";"2.136462"
"207110.0";"2.069106"
"207120.0";"2.137365"
"207130.0";"2.141599"
"207140.0";"2.174435"
"207150.0";"2.130482"
"207160.0";"2.121638"
"207170.0";"2.115863"
"207180.0";"2.083325"
"207190.0";"2.15892"
"207200.0";"2.121397"
"207210.0";"2.127603"
"207220.0";"2.12412"
"207230.0";"2.101403"
"207240.0";"2.188702"
"207250.0";"2.129943"
"207260.0";"2.306429"
"207270.0";"2.309742"
"207280.0";"2.260411"
"207290.0";"2.242512"
"207300.0";"2.201339"
"207310.0";"2.176691"
"207320.0";"2.163933"
"207330.0";"2.15985"
"207340.0";"2.107143"
"207350.0";"2.108155"
"207360.0";"2.094173"
"207370.0";"2.142615"
"207380.0";"2.219112"
"207390.0";"2.185261"
"207400.0";"2.139362"
"207410.0";"2.163572"
"207420.0";"2.168824"
"207430.0";"2.154674"
"207440.0";"2.148828"
"207450.0";"2.190572"
"207460.0";"2.229983"
"207470.0";"2.089035"
"207480.0";"2.149453"
"207490.0";"2.141359"
"207500.0";"2.138711"
"207510.0";"2.117208"
"207520.0";"2.198739"
"207530.0";"2.129077"
"207540.0";"2.154021"
"207550.0";"2.19052"
"207560.0";"2.105047"
"207570.0";"2.137502"
"207580.0";"2.151835"
"207590.0";"2.193189"
"207600.0";"2.089317"
"207610.0";"2.10708"
"207620.0";"2.093738"
"207630.0";"2.134555"
"207640.0";"2.148895"
"207650.0";"2.155797"
"207660.0";"2.162617"
"207670.0";"2.168966"
"207680.0";"2.058884"
"207690.0";"2.200125"
"207700.0";"2.194463"
"207710.0";"2.143819"
"207720.0";"2.173824"
"207730.0";"2.137061"
"207740.0";"2.151035"
"207750.0";"2.125863"
"207760.0";"2.157458"
"207770.0";"2.032398"
"207780.0";"2.160108"
"207790.0";"2.160686"
"207800.0";"2.131682"
"207810.0";"2.130646"
"207820.0";"2.143354"
"207830.0";"2.143752"
"207840.0";"2.159701"
"207850.0";"2.137502"
"207860.0";"2.108035"
"207870.0";"2.101676"
"207880.0";"2.122758"
"207890.0";"2.134746"
"207900.0";"2.120675"
"207910.0";"2.142689"
"207920.0";"2.09022"
"207930.0";"2.122439"
"207940.0";"2.107249"
"207950.0";"2.13404"
"207960.0";"2.12745"
"207970.0";"2.108095"
"207980.0";"2.069277"
"207990.0";"2.125043"
"208000.0";"2.132784"
"208010.0";"2.140061"
"208020.0";"2.130609"
"208030.0";"2.107497"
"208040.0";"2.111545"
"208050.0";"2.092605"
"208060.0";"2.139604"
"208070.0";"2.152625"
"208080.0";"2.158123"
"208090.0";"2.118283"
"208100.0";"2.176792"
"208110.0";"2.137966"
"208120.0";"2.150386"
"208130.0";"2.145251"
"208140.0";"2.114029"
"208150.0";"2.108865"
"208160.0";"2.105976"
"208170.0";"2.155938"
"208180.0";"2.19937"
"208190.0";"2.156489"
"208200.0";"2.098805"
"208210.0";"2.134857"
"208220.0";"2.122104"
"208230.0";"2.127629"
"208240.0";"2.165844"
"208250.0";"2.124926"
"208260.0";"2.127087"
"208270.0";"2.176635"
"208280.0";"2.071872"
"208290.0";"2.121699"
"208300.0";"2.057421"
"208310.0";"2.067227"
"208320.0";"2.178296"
"208330.0";"2.09048"
"208340.0";"2.11453"
"208350.0";"2.065613"
"208360.0";"2.133106"
"208370.0";"2.097642"
"208380.0";"2.108807"
"208390.0";"2.096036"
"208400.0";"2.144027"
"208410.0";"2.151911"
"208420.0";"2.115404"
"208430.0";"2.095701"
"208440.0";"2.19535"
"208450.0";"2.14693"
"208460.0";"2.165075"
"208470.0";"2.101269"
"208480.0";"2.146223"
"208490.0";"2.178204"
"208500.0";"2.168747"
"208510.0";"2.122109"
"208520.0";"2.102302"
"208530.0";"2.183813"
"208540.0";"2.172361"
"208550.0";"2.126396"
"208560.0";"2.121151"
"208570.0";"2.110728"
"208580.0";"2.077888"
"208590.0";"2.144418"
"208600.0";"2.121363"
"208610.0";"2.108244"
"208620.0";"2.183264"
"208630.0";"2.093694"
"208640.0";"2.144473"
"208650.0";"2.08127"
"208660.0";"2.139295"
"208670.0";"2.063512"
"208680.0";"2.129109"
"208690.0";"2.10183"
"208700.0";"2.130774"
"208710.0";"2.106042"
"208720.0";"2.146627"
"208730.0";"2.253061"
"208740.0";"2.229146"
"208750.0";"2.188584"
"208760.0";"2.150886"
"208770.0";"2.138831"
"208780.0";"2.173626"
"208790.0";"2.198336"
"208800.0";"2.157642"
"208810.0";"2.193304"
"208820.0";"2.227863"
"208830.0";"2.251039"
"208840.0";"2.35057"
"208850.0";"2.532223"
"208860.0";"2.332921"
"208870.0";"2.423216"
"208880.0";"2.420585"
"208890.0";"2.408334"
"208900.0";"2.47404"
"208910.0";"2.351237"
"208920.0";"2.680912"
"208930.0";"2.456515"
"208940.0";"2.400031"
"208950.0";"2.235806"
"208960.0";"2.496689"
"208970.0";"2.39"
"208980.0";"2.25221"
"208990.0";"2.171446"
"209000.0";"2.137809"
"209010.0";"2.150563"
"209020.0";"2.140776"
"209030.0";"2.259704"
"209040.0";"2.245261"
"209050.0";"2.201712"
"209060.0";"2.105508"
"209070.0";"2.19333"
"209080.0";"2.147962"
"209090.0";"2.170126"
"209100.0";"2.134393"
"209110.0";"2.196769"
"209120.0";"2.118712"
"209130.0";"2.090631"
"209140.0";"2.134869"
"209150.0";"2.092169"
"209160.0";"2.100067"
"209170.0";"2.113549"
"209180.0";"2.177531"
"209190.0";"2.128904"
"209200.0";"2.066043"
"209210.0";"2.102184"
"209220.0";"2.113384"
"209230.0";"2.11545"
"209240.0";"2.101356"
"209250.0";"2.10475"
"209260.0";"2.054391"
"209270.0";"2.106369"
"209280.0";"2.117903"
"209290.0";"2.102878"
"209300.0";"2.065974"
"209310.0";"2.086941"
"209320.0";"2.118025"
"209330.0";"2.098802"
"209340.0";"2.141301"
"209350.0";"2.150087"
"209360.0";"2.140101"
"209370.0";"2.163004"
"209380.0";"2.126055"
"209390.0";"2.250249"
"209400.0";"2.178948"
"209410.0";"2.163766"
"209420.0";"2.135674"
"209430.0";"2.134743"
"209440.0";"2.082618"
"209450.0";"2.187053"
"209460.0";"2.147928"
"209470.0";"2.099802"
"209480.0";"2.078599"
"209490.0";"2.215647"
"209500.0";"2.240611"
"209510.0";"2.135717"
"209520.0";"2.135549"
"209530.0";"2.128431"
"209540.0";"2.126003"
"209550.0";"2.145378"
"209560.0";"2.17517"
"209570.0";"2.11017"
"209580.0";"2.068156"
"209590.0";"2.164213"
"209600.0";"2.070585"
"209610.0";"2.145928"
"209620.0";"2.103519"
"209630.0";"2.116375"
"209640.0";"2.173168"
"209650.0";"2.112833"
"209660.0";"2.126454"
"209670.0";"2.122794"
"209680.0";"2.065346"
"209690.0";"2.070829"
"209700.0";"2.125909"
"209710.0";"2.103711"
"209720.0";"2.114717"
"209730.0";"2.089881"
"209740.0";"2.027781"
"209750.0";"2.046366"
"209760.0";"2.168403"
"209770.0";"2.051849"
"209780.0";"2.134229"
"209790.0";"2.077825"
"209800.0";"2.089485"
"209810.0";"2.150025"
"209820.0";"2.166536"
"209830.0";"2.087953"
"209840.0";"2.224187"
"209850.0";"2.147881"
"209860.0";"2.26467"
"209870.0";"2.261935"
"209880.0";"2.251045"
"209890.0";"2.20675"
"209900.0";"2.17485"
"209910.0";"2.128898"
"209920.0";"2.097352"
"209930.0";"2.086477"
"209940.0";"2.130246"
"209950.0";"2.14063"
"209960.0";"2.117513"
"209970.0";"2.159639"
"209980.0";"2.168295"
"209990.0";"2.423065"
"210000.0";"2.344528"
"210010.0";"2.368331"
"210020.0";"2.422933"
"210030.0";"2.425649"
"210040.0";"2.417551"
"210050.0";"2.319522"
"210060.0";"2.345755"
"210070.0";"2.369324"
"210080.0";"2.42159"
"210090.0";"2.423028"
"210100.0";"2.437658"
"210110.0";"2.460446"
"210120.0";"2.413557"
"210130.0";"2.452313"
"210140.0";"2.413275"
"210150.0";"2.363389"
"210160.0";"2.382766"
"210170.0";"2.376368"
"210180.0";"2.410974"
"210190.0";"2.396702"
"210200.0";"2.438863"
"210210.0";"2.411483"
"210220.0";"2.363202"
"210230.0";"2.348463"
"210240.0";"2.441118"
"210250.0";"2.607339"
"210260.0";"2.655503"
"210270.0";"2.642505"
"210280.0";"2.62307"
"210290.0";"2.696364"
"210300.0";"2.591932"
"210310.0";"2.585086"
"210320.0";"2.549474"
"210330.0";"2.541557"
"210340.0";"2.594824"
"210350.0";"2.481519"
"210360.0";"2.443123"
"210370.0";"2.472025"
"210380.0";"2.327662"
"210390.0";"2.388227"
"210400.0";"2.458055"
"210410.0";"2.420521"
"210420.0";"2.436843"
"210430.0";"2.393808"
"210440.0";"2.408543"
"210450.0";"2.434834"
"210460.0";"2.289304"
"210470.0";"2.378055"
"210480.0";"2.285754"
"210490.0";"2.383001"
"210500.0";"2.32143"
"210510.0";"2.281549"
"210520.0";"2.327625"
"210530.0";"2.315467"
"210540.0";"2.417136"
"210550.0";"2.348207"
"210560.0";"2.314266"
"210570.0";"2.253801"
"210580.0";"2.376137"
"210590.0";"2.497334"
"210600.0";"2.455262"
"210610.0";"2.346799"
"210620.0";"2.381223"
"210630.0";"2.4486"
"210640.0";"2.287765"
"210650.0";"2.360965"
"210660.0";"2.521954"
"210670.0";"2.341945"
"210680.0";"2.380885"
"210690.0";"2.462949"
"210700.0";"2.510925"
"210710.0";"2.537565"
"210720.0";"2.381118"
"210730.0";"2.376358"
"210740.0";"2.350255"
"210750.0";"2.321369"
"210760.0";"2.383891"
"210770.0";"2.361764"
"210780.0";"2.484403"
"210790.0";"2.368548"
"210800.0";"2.423803"
"210810.0";"2.316227"
"210820.0";"2.376563"
"210830.0";"2.264674"
"210840.0";"2.25531"
"210850.0";"2.346458"
"210860.0";"2.223919"
"210870.0";"2.329228"
"210880.0";"2.232088"
"210890.0";"2.345769"
"210900.0";"2.184317"
"210910.0";"2.356139"
"210920.0";"2.26901"
"210930.0";"2.25643"
"210940.0";"2.219612"
"210950.0";"2.164124"
"210960.0";"2.144191"
"210970.0";"2.224781"
"210980.0";"2.152936"
"210990.0";"2.280145"
"211000.0";"2.208603"
"211010.0";"2.208812"
"211020.0";"2.173672"
"211030.0";"2.116301"
"211040.0";"2.190928"
"211050.0";"2.134053"
"211060.0";"2.132395"
"211070.0";"2.23629"
"211080.0";"2.212287"
"211090.0";"2.128902"
"211100.0";"2.084881"
"211110.0";"2.18714"
"211120.0";"2.213482"
"211130.0";"2.233606"
"211140.0";"2.20433"
"211150.0";"2.189298"
"211160.0";"2.18659"
"211170.0";"2.29075"
"211180.0";"2.329005"
"211190.0";"2.297321"
"211200.0";"2.301161"
"211210.0";"2.309861"
"211220.0";"2.331988"
"211230.0";"2.254277"
"211240.0";"2.339534"
"211250.0";"2.154537"
"211260.0";"2.212417"
"211270.0";"2.282058"
"211280.0";"2.159627"
"211290.0";"2.252115"
"211300.0";"2.302526"
"211310.0";"2.271559"
"211320.0";"2.209516"
"211330.0";"2.210193"
"211340.0";"2.193403"
"211350.0";"2.160921"
"211360.0";"2.204052"
"211370.0";"2.254542"
"211380.0";"2.227293"
"211390.0";"2.248242"
"211400.0";"2.306417"
"211410.0";"2.244879"
"211420.0";"2.19723"
"211430.0";"2.178562"
"211440.0";"2.234846"
"211450.0";"2.300477"
"211460.0";"2.234048"
"211470.0";"2.293911"
"211480.0";"2.358163"
"211490.0";"2.232333"
"211500.0";"2.141001"
"211510.0";"2.221287"
"211520.0";"2.245321"
"211530.0";"2.179667"
"211540.0";"2.17076"
"211550.0";"2.272554"
"211560.0";"2.165268"
"211570.0";"2.237547"
"211580.0";"2.180192"
"211590.0";"2.219414"
"211600.0";"2.228179"
"211610.0";"2.174092"
"211620.0";"2.21562"
"211630.0";"2.213573"
"211640.0";"2.246553"
"211650.0";"2.214739"
"211660.0";"2.161974"
"211670.0";"2.28223"
"211680.0";"2.400646"
"211690.0";"2.298795"
"211700.0";"2.332255"
"211710.0";"2.264669"
"211720.0";"2.316769"
"211730.0";"2.360053"
"211740.0";"2.377028"
"211750.0";"2.312269"
"211760.0";"2.251739"
"211770.0";"2.239627"
"211780.0";"2.261637"
"211790.0";"2.247565"
"211800.0";"2.278136"
"211810.0";"2.215181"
"211820.0";"2.217772"
"211830.0";"2.221077"
"211840.0";"2.264146"
"211850.0";"2.260674"
"211860.0";"2.167403"
"211870.0";"2.169876"
"211880.0";"2.147933"
"211890.0";"2.178582"
"211900.0";"2.222566"
"211910.0";"2.188231"
"211920.0";"2.184981"
"211930.0";"2.201366"
"211940.0";"2.238359"
"211950.0";"2.190919"
"211960.0";"2.177587"
"211970.0";"2.200029"
"211980.0";"2.087634"
"211990.0";"2.181066"
"212000.0";"2.281874"
"212010.0";"2.213907"
"212020.0";"2.152834"
"212030.0";"2.177289"
"212040.0";"2.185003"
"212050.0";"2.168849"
"212060.0";"2.185157"
"212070.0";"2.233076"
"212080.0";"2.260366"
"212090.0";"2.237668"
"212100.0";"2.204903"
"212110.0";"2.145085"
"212120.0";"2.146435"
"212130.0";"2.150407"
"212140.0";"2.177433"
"212150.0";"2.24568"
"212160.0";"2.191589"
"212170.0";"2.172599"
"212180.0";"2.126929"
"212190.0";"2.240439"
"212200.0";"2.192917"
"212210.0";"2.286384"
"212220.0";"2.217314"
"212230.0";"2.21531"
"212240.0";"2.285482"
"212250.0";"2.25869"
"212260.0";"2.2819"
"212270.0";"2.116993"
"212280.0";"2.23191"
"212290.0";"2.26764"
"212300.0";"2.25643"
"212310.0";"2.187035"
"212320.0";"2.20154"
"212330.0";"2.163228"
"212340.0";"2.185623"
"212350.0";"2.170849"
"212360.0";"2.171314"
"212370.0";"2.205791"
"212380.0";"2.123823"
"212390.0";"2.210266"
"212400.0";"2.198599"
"212410.0";"2.234709"
"212420.0";"2.29841"
"212430.0";"2.187186"
"212440.0";"2.246167"
"212450.0";"2.239328"
"212460.0";"2.173339"
"212470.0";"2.123617"
"212480.0";"2.247743"
"212490.0";"2.173862"
"212500.0";"2.162277"
"212510.0";"2.249907"
"212520.0";"2.334583"
"212530.0";"2.310112"
"212540.0";"2.304658"
"212550.0";"2.269521"
"212560.0";"2.240629"
"212570.0";"2.222273"
"212580.0";"2.242794"
"212590.0";"2.224965"
"212600.0";"2.187341"
"212610.0";"2.176407"
"212620.0";"2.116048"
"212630.0";"2.200948"
"212640.0";"2.184612"
"212650.0";"2.233203"
"212660.0";"2.177741"
"212670.0";"2.178472"
"212680.0";"2.142591"
"212690.0";"2.213719"
"212700.0";"2.152812"
"212710.0";"2.184556"
"212720.0";"2.200754"
"212730.0";"2.125981"
"212740.0";"2.193239"
"212750.0";"2.181144"
"212760.0";"2.192698"
"212770.0";"2.192126"
"212780.0";"2.134416"
"212790.0";"2.149774"
"212800.0";"2.128313"
"212810.0";"2.15062"
"212820.0";"2.145145"
"212830.0";"2.139501"
"212840.0";"2.145256"
"212850.0";"2.154447"
"212860.0";"2.182528"
"212870.0";"2.187266"
"212880.0";"2.169214"
"212890.0";"2.081271"
"212900.0";"2.189381"
"212910.0";"2.092897"
"212920.0";"2.142362"
"212930.0";"2.180094"
"212940.0";"2.224368"
"212950.0";"2.200165"
"212960.0";"2.24335"
"212970.0";"2.155701"
"212980.0";"2.192403"
"212990.0";"2.149237"
"213000.0";"2.165949"
"213010.0";"2.132772"
"213020.0";"2.170973"
"213030.0";"2.213031"
"213040.0";"2.164599"
"213050.0";"2.201409"
"213060.0";"2.134727"
"213070.0";"2.179231"
"213080.0";"2.19101"
"213090.0";"2.153615"
"213100.0";"2.157343"
"213110.0";"2.148422"
"213120.0";"2.141329"
"213130.0";"2.154469"
"213140.0";"2.168733"
"213150.0";"2.198068"
"213160.0";"2.114717"
"213170.0";"2.166705"
"213180.0";"2.121728"
"213190.0";"2.138154"
"213200.0";"2.122296"
"213210.0";"2.066988"
"213220.0";"2.146698"
"213230.0";"2.064305"
"213240.0";"2.153046"
"213250.0";"2.18098"
"213260.0";"2.132102"
"213270.0";"2.178934"
"213280.0";"2.176593"
"213290.0";"2.16865"
"213300.0";"2.141912"
"213310.0";"2.128354"
"213320.0";"2.150094"
"213330.0";"2.16028"
"213340.0";"2.184398"
"213350.0";"2.110543"
"213360.0";"2.154664"
"213370.0";"2.131662"
"213380.0";"2.221687"
"213390.0";"2.264458"
"213400.0";"2.168578"
"213410.0";"2.196079"
"213420.0";"2.147552"
"213430.0";"2.182787"
"213440.0";"2.149361"
"213450.0";"2.200383"
"213460.0";"2.062357"
"213470.0";"2.095226"
"213480.0";"2.122644"
"213490.0";"2.143368"
"213500.0";"2.137094"
"213510.0";"2.153715"
"213520.0";"2.159829"
"213530.0";"2.158547"
"213540.0";"2.18167"
"213550.0";"2.210488"
"213560.0";"2.173581"
"213570.0";"2.117378"
"213580.0";"2.127146"
"213590.0";"2.132715"
"213600.0";"2.125452"
"213610.0";"2.120788"
"213620.0";"2.111972"
"213630.0";"2.134093"
"213640.0";"2.160797"
"213650.0";"2.167831"
"213660.0";"2.122462"
"213670.0";"2.114604"
"213680.0";"2.089184"
"213690.0";"2.139076"
"213700.0";"2.135111"
"213710.0";"2.104458"
"213720.0";"2.157097"
"213730.0";"2.232151"
"213740.0";"2.14044"
"213750.0";"2.142659"
"213760.0";"2.164525"
"213770.0";"2.204026"
"213780.0";"2.114064"
"213790.0";"2.076569"
"213800.0";"2.093657"
"213810.0";"2.094776"
"213820.0";"2.144026"
"213830.0";"2.116643"
"213840.0";"2.113968"
"213850.0";"2.121775"
"213860.0";"2.175223"
"213870.0";"2.184672"
"213880.0";"2.176938"
"213890.0";"2.154019"
"213900.0";"2.150466"
"213910.0";"2.138105"
"213920.0";"2.13153"
"213930.0";"2.132542"
"213940.0";"2.122313"
"213950.0";"2.110363"
"213960.0";"2.183018"
"213970.0";"2.109471"
"213980.0";"2.130882"
"213990.0";"2.120899"
"214000.0";"2.162288"
"214010.0";"2.146001"
"214020.0";"2.155251"
"214030.0";"2.116416"
"214040.0";"2.222847"
"214050.0";"2.12853"
"214060.0";"2.063724"
"214070.0";"2.117066"
"214080.0";"2.11261"
"214090.0";"2.154695"
"214100.0";"2.110778"
"214110.0";"2.129483"
"214120.0";"2.113064"
"214130.0";"2.09011"
"214140.0";"2.12737"
"214150.0";"2.094941"
"214160.0";"2.080178"
"214170.0";"2.125385"
"214180.0";"2.159241"
"214190.0";"2.138194"
"214200.0";"2.101128"
"214210.0";"2.041335"
"214220.0";"2.130797"
"214230.0";"2.149309"
"214240.0";"2.091388"
"214250.0";"2.106444"
"214260.0";"2.137633"
"214270.0";"2.051974"
"214280.0";"2.131979"
"214290.0";"2.145972"
"214300.0";"2.103491"
"214310.0";"2.157331"
"214320.0";"2.097799"
"214330.0";"2.166738"
"214340.0";"2.14526"
"214350.0";"2.123782"
"214360.0";"2.127174"
"214370.0";"2.119009"
"214380.0";"2.066136"
"214390.0";"2.097508"
"214400.0";"2.169955"
"214410.0";"2.107262"
"214420.0";"2.109422"
"214430.0";"2.1274"
"214440.0";"2.12144"
"214450.0";"2.110595"
"214460.0";"2.181915"
"214470.0";"2.083936"
"214480.0";"2.182559"
"214490.0";"2.180956"
"214500.0";"2.147909"
"214510.0";"2.12143"
"214520.0";"2.14206"
"214530.0";"2.141421"
"214540.0";"2.139112"
"214550.0";"2.140294"
"214560.0";"2.150333"
"214570.0";"2.124989"
"214580.0";"2.128141"
"214590.0";"2.194231"
"214600.0";"2.071253"
"214610.0";"2.096652"
"214620.0";"2.056843"
"214630.0";"2.113325"
"214640.0";"2.114372"
"214650.0";"2.084264"
"214660.0";"2.083752"
"214670.0";"2.136852"
"214680.0";"2.085194"
"214690.0";"2.063128"
"214700.0";"2.083438"
"214710.0";"2.090567"
"214720.0";"2.087636"
"214730.0";"2.120215"
"214740.0";"2.090072"
"214750.0";"2.113633"
"214760.0";"2.10693"
"214770.0";"2.139167"
"214780.0";"2.079859"
"214790.0";"2.087837"
"214800.0";"2.127712"
"214810.0";"2.151481"
"214820.0";"2.121937"
"214830.0";"2.139534"
"214840.0";"2.163919"
"214850.0";"2.093214"
"214860.0";"2.133379"
"214870.0";"2.120975"
"214880.0";"2.155396"
"214890.0";"2.141541"
"214900.0";"2.084669"
"214910.0";"2.136412"
"214920.0";"2.16453"
"214930.0";"2.071571"
"214940.0";"2.091587"
"214950.0";"2.117555"
"214960.0";"2.13364"
"214970.0";"2.070955"
"214980.0";"2.103271"
"214990.0";"2.137256"
"215000.0";"2.09977"
"215010.0";"2.156021"
"215020.0";"2.081614"
"215030.0";"2.066607"
"215040.0";"2.073377"
"215050.0";"2.070152"
"215060.0";"2.06153"
"215070.0";"2.065048"
"215080.0";"2.125473"
"215090.0";"2.03867"
"215100.0";"2.105658"
"215110.0";"2.138554"
"215120.0";"2.177674"
"215130.0";"2.103345"
"215140.0";"2.068005"
"215150.0";"2.156404"
"215160.0";"2.124152"
"215170.0";"2.11011"
"215180.0";"2.14537"
"215190.0";"2.0802"
"215200.0";"2.086278"
"215210.0";"2.086564"
"215220.0";"2.094794"
"215230.0";"2.108644"
"215240.0";"2.071683"
"215250.0";"2.125025"
"215260.0";"2.121813"
"215270.0";"2.211775"
"215280.0";"2.07804"
"215290.0";"2.120374"
"215300.0";"2.103678"
"215310.0";"2.152874"
"215320.0";"2.096593"
"215330.0";"2.117601"
"215340.0";"2.120534"
"215350.0";"2.105396"
"215360.0";"2.15061"
"215370.0";"2.096756"
"215380.0";"2.149193"
"215390.0";"2.098356"
"215400.0";"2.076918"
"215410.0";"2.104957"
"215420.0";"2.06107"
"215430.0";"2.049121"
"215440.0";"2.127827"
"215450.0";"2.114327"
"215460.0";"2.076813"
"215470.0";"2.10502"
"215480.0";"2.167835"
"215490.0";"2.083707"
"215500.0";"2.110328"
"215510.0";"2.118241"
"215520.0";"2.133141"
"215530.0";"2.098411"
"215540.0";"2.064365"
"215550.0";"2.096721"
"215560.0";"2.066036"
"215570.0";"2.118249"
"215580.0";"2.067236"
"215590.0";"2.09195"
"215600.0";"2.135768"
"215610.0";"2.118936"
"215620.0";"2.080022"
"215630.0";"2.103086"
"215640.0";"2.047948"
"215650.0";"2.044408"
"215660.0";"2.091675"
"215670.0";"2.081022"
"215680.0";"2.095268"
"215690.0";"2.1159"
"215700.0";"2.044837"
"215710.0";"2.080393"
"215720.0";"2.123203"
"215730.0";"2.11418"
"215740.0";"2.15512"
"215750.0";"2.118862"
"215760.0";"2.139286"
"215770.0";"2.087518"
"215780.0";"2.099564"
"215790.0";"2.138431"
"215800.0";"2.082861"
"215810.0";"2.123191"
"215820.0";"2.174495"
"215830.0";"2.134542"
"215840.0";"2.092113"
"215850.0";"2.101497"
"215860.0";"2.120655"
"215870.0";"2.160381"
"215880.0";"2.109818"
"215890.0";"2.106175"
"215900.0";"2.101792"
"215910.0";"2.122493"
"215920.0";"2.089394"
"215930.0";"2.14542"
"215940.0";"2.115619"
"215950.0";"2.140875"
"215960.0";"2.065231"
"215970.0";"2.157171"
"215980.0";"2.076598"
"215990.0";"2.116675"
"216000.0";"2.099294"
"216010.0";"2.081612"
"216020.0";"2.103628"
"216030.0";"2.057292"
"216040.0";"2.109013"
"216050.0";"2.106376"
"216060.0";"2.131684"
"216070.0";"2.126733"
"216080.0";"2.123184"
"216090.0";"2.105148"
"216100.0";"2.091928"
"216110.0";"2.100611"
"216120.0";"2.155501"
"216130.0";"2.139997"
"216140.0";"2.088859"
"216150.0";"2.128757"
"216160.0";"2.134876"
"216170.0";"2.08076"
"216180.0";"2.142323"
"216190.0";"2.118032"
"216200.0";"2.132591"
"216210.0";"2.090377"
"216220.0";"2.143273"
"216230.0";"2.124637"
"216240.0";"2.1474"
"216250.0";"2.117173"
"216260.0";"2.109871"
"216270.0";"2.107084"
"216280.0";"2.174611"
"216290.0";"2.138929"
"216300.0";"2.051323"
"216310.0";"2.120673"
"216320.0";"2.071177"
"216330.0";"2.088583"
"216340.0";"2.055837"
"216350.0";"2.163097"
"216360.0";"2.108341"
"216370.0";"2.091392"
"216380.0";"2.100428"
"216390.0";"2.116607"
"216400.0";"2.110186"
"216410.0";"2.151726"
"216420.0";"2.163057"
"216430.0";"2.079911"
"216440.0";"2.067911"
"216450.0";"2.106596"
"216460.0";"2.077496"
"216470.0";"2.101987"
"216480.0";"2.057267"
"216490.0";"2.065638"
"216500.0";"2.138761"
"216510.0";"2.079887"
"216520.0";"2.071235"
"216530.0";"2.127407"
"216540.0";"2.073882"
"216550.0";"2.10422"
"216560.0";"2.10127"
"216570.0";"2.076204"
"216580.0";"2.128994"
"216590.0";"2.088332"
"216600.0";"2.127047"
"216610.0";"2.109682"
"216620.0";"2.110918"
"216630.0";"2.120614"
"216640.0";"2.138837"
"216650.0";"2.127101"
"216660.0";"2.114144"
"216670.0";"2.147948"
"216680.0";"2.156281"
"216690.0";"2.167604"
"216700.0";"2.147448"
"216710.0";"2.082087"
"216720.0";"2.082173"
"216730.0";"2.116032"
"216740.0";"2.050591"
"216750.0";"2.163373"
"216760.0";"2.079095"
"216770.0";"2.086073"
"216780.0";"2.126543"
"216790.0";"2.093836"
"216800.0";"2.132848"
"216810.0";"2.088626"
"216820.0";"2.139004"
"216830.0";"2.156348"
"216840.0";"2.046211"
"216850.0";"2.079076"
"216860.0";"2.11003"
"216870.0";"2.087847"
"216880.0";"2.124163"
"216890.0";"2.108537"
"216900.0";"2.023078"
"216910.0";"2.112417"
"216920.0";"2.145974"
"216930.0";"2.087924"
"216940.0";"2.126976"
"216950.0";"2.122262"
"216960.0";"2.120188"
"216970.0";"2.108688"
"216980.0";"2.118414"
"216990.0";"2.130543"
"217000.0";"2.126127"
"217010.0";"2.063793"
"217020.0";"2.080837"
"217030.0";"2.116276"
"217040.0";"2.171865"
"217050.0";"2.120782"
"217060.0";"2.130275"
"217070.0";"2.149831"
"217080.0";"2.161292"
"217090.0";"2.108356"
"217100.0";"2.120978"
"217110.0";"2.120977"
"217120.0";"2.180212"
"217130.0";"2.122923"
"217140.0";"2.130316"
"217150.0";"2.155092"
"217160.0";"2.13638"
"217170.0";"2.107674"
"217180.0";"2.078787"
"217190.0";"2.126339"
"217200.0";"2.136445"
"217210.0";"2.16581"
"217220.0";"2.073062"
"217230.0";"2.110481"
"217240.0";"2.188192"
"217250.0";"2.13353"
"217260.0";"2.111561"
"217270.0";"2.17988"
"217280.0";"2.133798"
"217290.0";"2.115518"
"217300.0";"2.081315"
"217310.0";"2.131402"
"217320.0";"2.061743"
"217330.0";"2.079434"
"217340.0";"2.0815"
"217350.0";"2.087248"
"217360.0";"2.103987"
"217370.0";"2.105352"
"217380.0";"2.11252"
"217390.0";"2.18387"
"217400.0";"2.164666"
"217410.0";"2.157351"
"217420.0";"2.207088"
"217430.0";"2.193669"
"217440.0";"2.171081"
"217450.0";"2.1907"
"217460.0";"2.114969"
"217470.0";"2.194188"
"217480.0";"2.185037"
"217490.0";"2.178705"
"217500.0";"2.104328"
"217510.0";"2.158876"
"217520.0";"2.092116"
"217530.0";"2.090167"
"217540.0";"2.125154"
"217550.0";"2.078428"
"217560.0";"2.16231"
"217570.0";"2.096406"
"217580.0";"2.084508"
"217590.0";"2.056192"
"217600.0";"2.08548"
"217610.0";"2.15404"
"217620.0";"2.10319"
"217630.0";"2.153713"
"217640.0";"2.116357"
"217650.0";"2.103101"
"217660.0";"2.107651"
"217670.0";"2.106254"
"217680.0";"2.116063"
"217690.0";"2.09006"
"217700.0";"2.07293"
"217710.0";"2.101503"
"217720.0";"2.113657"
"217730.0";"2.09826"
"217740.0";"2.070247"
"217750.0";"2.153699"
"217760.0";"2.138725"
"217770.0";"2.121974"
"217780.0";"2.093262"
"217790.0";"2.046822"
"217800.0";"2.104753"
"217810.0";"2.147149"
"217820.0";"2.124733"
"217830.0";"2.160309"
"217840.0";"2.126866"
"217850.0";"2.136474"
"217860.0";"2.114341"
"217870.0";"2.133847"
"217880.0";"2.091727"
"217890.0";"2.092439"
"217900.0";"2.094276"
"217910.0";"2.132485"
"217920.0";"2.154368"
"217930.0";"2.132875"
"217940.0";"2.129302"
"217950.0";"2.117802"
"217960.0";"2.090452"
"217970.0";"2.095524"
"217980.0";"2.137253"
"217990.0";"2.124062"
"218000.0";"2.063624"
"218010.0";"2.070397"
"218020.0";"2.112132"
"218030.0";"2.124389"
"218040.0";"2.144469"
"218050.0";"2.124809"
"218060.0";"2.064674"
"218070.0";"2.095209"
"218080.0";"2.123482"
"218090.0";"2.111399"
"218100.0";"2.192194"
"218110.0";"2.138139"
"218120.0";"2.107291"
"218130.0";"2.135017"
"218140.0";"2.12968"
"218150.0";"2.120975"
"218160.0";"2.127451"
"218170.0";"2.104137"
"218180.0";"2.099055"
"218190.0";"2.120935"
"218200.0";"2.133017"
"218210.0";"2.100141"
"218220.0";"2.173314"
"218230.0";"2.14942"
"218240.0";"2.102538"
"218250.0";"2.093528"
"218260.0";"2.079542"
"218270.0";"2.118815"
"218280.0";"2.153873"
"218290.0";"2.092971"
"218300.0";"2.125144"
"218310.0";"2.10908"
"218320.0";"2.14753"
"218330.0";"2.138493"
"218340.0";"2.138483"
"218350.0";"2.201028"
"218360.0";"2.134006"
"218370.0";"2.110555"
"218380.0";"2.118146"
"218390.0";"2.168581"
"218400.0";"2.12042"
"218410.0";"2.123729"
"218420.0";"2.143911"
"218430.0";"2.157206"
"218440.0";"2.110106"
"218450.0";"2.098869"
"218460.0";"2.142561"
"218470.0";"2.051114"
"218480.0";"2.065052"
"218490.0";"2.102819"
"218500.0";"2.132793"
"218510.0";"2.136084"
"218520.0";"2.167401"
"218530.0";"2.076404"
"218540.0";"2.097507"
"218550.0";"2.131408"
"218560.0";"2.161457"
"218570.0";"2.172141"
"218580.0";"2.10163"
"218590.0";"2.101349"
"218600.0";"2.111788"
"218610.0";"2.109078"
"218620.0";"2.088927"
"218630.0";"2.049836"
"218640.0";"2.142533"
"218650.0";"2.133094"
"218660.0";"2.114774"
"218670.0";"2.044527"
"218680.0";"2.134012"
"218690.0";"2.104471"
"218700.0";"2.103382"
"218710.0";"2.146235"
"218720.0";"2.072793"
"218730.0";"2.081213"
"218740.0";"2.0633"
"218750.0";"2.112649"
"218760.0";"2.04797"
"218770.0";"2.08767"
"218780.0";"2.119087"
"218790.0";"2.112111"
"218800.0";"2.099766"
"218810.0";"2.108095"
"218820.0";"2.089963"
"218830.0";"2.07457"
"218840.0";"2.125176"
"218850.0";"2.159781"
"218860.0";"2.154337"
"218870.0";"2.107896"
"218880.0";"2.100904"
"218890.0";"2.079693"
"218900.0";"2.146515"
"218910.0";"2.058549"
"218920.0";"2.112349"
"218930.0";"2.081621"
"218940.0";"2.065257"
"218950.0";"2.156483"
"218960.0";"2.138345"
"218970.0";"2.108119"
"218980.0";"2.096227"
"218990.0";"2.093867"
"219000.0";"2.090345"
"219010.0";"2.147741"
"219020.0";"2.115663"
"219030.0";"2.120157"
"219040.0";"2.11779"
"219050.0";"2.126855"
"219060.0";"2.044278"
"219070.0";"2.142664"
"219080.0";"2.127435"
"219090.0";"2.063383"
"219100.0";"2.160979"
"219110.0";"2.083707"
"219120.0";"2.1106"
"219130.0";"2.150942"
"219140.0";"2.143789"
"219150.0";"2.132133"
"219160.0";"2.132492"
"219170.0";"2.139729"
"219180.0";"2.102146"
"219190.0";"2.131138"
"219200.0";"2.121977"
"219210.0";"2.131695"
"219220.0";"2.130233"
"219230.0";"2.049543"
"219240.0";"2.113922"
"219250.0";"2.10885"
"219260.0";"2.118191"
"219270.0";"2.106982"
"219280.0";"2.084335"
"219290.0";"2.046523"
"219300.0";"2.116858"
"219310.0";"2.149498"
"219320.0";"2.148311"
"219330.0";"2.100949"
"219340.0";"2.146862"
"219350.0";"2.108672"
"219360.0";"2.100538"
"219370.0";"2.088272"
"219380.0";"2.150332"
"219390.0";"2.099575"
"219400.0";"2.150958"
"219410.0";"2.108959"
"219420.0";"2.074505"
"219430.0";"2.147818"
"219440.0";"2.13438"
"219450.0";"2.130653"
"219460.0";"2.112949"
"219470.0";"2.170407"
"219480.0";"2.12347"
"219490.0";"2.141478"
"219500.0";"2.09704"
"219510.0";"2.065532"
"219520.0";"2.065937"
"219530.0";"2.131257"
"219540.0";"2.114768"
"219550.0";"2.089772"
"219560.0";"2.061349"
"219570.0";"2.133281"
"219580.0";"2.099749"
"219590.0";"2.095859"
"219600.0";"2.113583"
"219610.0";"2.065586"
"219620.0";"2.108616"
"219630.0";"2.142472"
"219640.0";"2.098789"
"219650.0";"2.089393"
"219660.0";"2.066907"
"219670.0";"2.099859"
"219680.0";"2.086243"
"219690.0";"2.14441"
"219700.0";"2.139512"
"219710.0";"2.164301"
"219720.0";"2.151707"
"219730.0";"2.117023"
"219740.0";"2.089655"
"219750.0";"2.126826"
"219760.0";"2.15032"
"219770.0";"2.103435"
"219780.0";"2.156035"
"219790.0";"2.121542"
"219800.0";"2.048871"
"219810.0";"2.139719"
"219820.0";"2.123494"
"219830.0";"2.121124"
"219840.0";"2.069008"
"219850.0";"2.062374"
"219860.0";"2.123579"
"219870.0";"2.125986"
"219880.0";"2.121901"
"219890.0";"2.103234"
"219900.0";"2.104891"
"219910.0";"2.098084"
"219920.0";"2.096189"
"219930.0";"2.198924"
"219940.0";"2.152511"
"219950.0";"2.122367"
"219960.0";"2.079666"
"219970.0";"2.144044"
"219980.0";"2.078587"
"219990.0";"2.1334"
"220000.0";"2.087355"
"220010.0";"2.093423"
"220020.0";"2.165276"
"220030.0";"2.163693"
"220040.0";"2.108912"
"220050.0";"2.11297"
"220060.0";"2.131257"
"220070.0";"2.178323"
"220080.0";"2.139702"
"220090.0";"2.139454"
"220100.0";"2.118569"
"220110.0";"2.169921"
"220120.0";"2.135814"
"220130.0";"2.11469"
"220140.0";"2.090467"
"220150.0";"2.103563"
"220160.0";"2.083879"
"220170.0";"2.049109"
"220180.0";"2.030719"
"220190.0";"2.025059"
"220200.0";"2.116131"
"220210.0";"2.06791"
"220220.0";"2.125329"
"220230.0";"2.069648"
"220240.0";"2.135554"
"220250.0";"2.118388"
"220260.0";"2.082214"
"220270.0";"2.116477"
"220280.0";"2.127367"
"220290.0";"2.087255"
"220300.0";"2.131954"
"220310.0";"2.119674"
"220320.0";"2.162136"
"220330.0";"2.138009"
"220340.0";"2.207981"
"220350.0";"2.106295"
"220360.0";"2.128441"
"220370.0";"2.073626"
"220380.0";"2.094158"
"220390.0";"2.1206"
"220400.0";"2.134189"
"220410.0";"2.139992"
"220420.0";"2.185616"
"220430.0";"2.131295"
"220440.0";"2.099307"
"220450.0";"2.066514"
"220460.0";"2.103079"
"220470.0";"2.154406"
"220480.0";"2.10442"
"220490.0";"2.087817"
"220500.0";"2.123233"
"220510.0";"2.115757"
"220520.0";"2.080935"
"220530.0";"2.082661"
"220540.0";"2.115228"
"220550.0";"2.093654"
"220560.0";"2.137481"
"220570.0";"2.128455"
"220580.0";"2.133813"
"220590.0";"2.083787"
"220600.0";"2.133653"
"220610.0";"2.120544"
"220620.0";"2.087596"
"220630.0";"2.152179"
"220640.0";"2.17981"
"220650.0";"2.218148"
"220660.0";"2.113511"
"220670.0";"2.126769"
"220680.0";"2.090211"
"220690.0";"2.141766"
"220700.0";"2.095638"
"220710.0";"2.180288"
"220720.0";"2.153797"
"220730.0";"2.151808"
"220740.0";"2.121471"
"220750.0";"2.053738"
"220760.0";"2.095557"
"220770.0";"2.072927"
"220780.0";"2.057935"
"220790.0";"2.099231"
"220800.0";"2.120268"
"220810.0";"2.098297"
"220820.0";"2.109855"
"220830.0";"2.108304"
"220840.0";"2.094924"
"220850.0";"2.137187"
"220860.0";"2.106853"
"220870.0";"2.082236"
"220880.0";"2.17575"
"220890.0";"2.152565"
"220900.0";"2.193166"
"220910.0";"2.142345"
"220920.0";"2.176449"
"220930.0";"2.163877"
"220940.0";"2.142534"
"220950.0";"2.093897"
"220960.0";"2.090796"
"220970.0";"2.135422"
"220980.0";"2.061581"
"220990.0";"2.139529"
"221000.0";"2.102584"
"221010.0";"2.141944"
"221020.0";"2.131354"
"221030.0";"2.135753"
"221040.0";"2.112388"
"221050.0";"2.160046"
"221060.0";"2.136424"
"221070.0";"2.108919"
"221080.0";"2.099537"
"221090.0";"2.155419"
"221100.0";"2.120394"
"221110.0";"2.074736"
"221120.0";"2.166614"
"221130.0";"2.157908"
"221140.0";"2.107228"
"221150.0";"2.072529"
"221160.0";"2.118874"
"221170.0";"2.137469"
"221180.0";"2.140788"
"221190.0";"2.170414"
"221200.0";"2.165518"
"221210.0";"2.134424"
"221220.0";"2.098242"
"221230.0";"2.084912"
"221240.0";"2.114992"
"221250.0";"2.116361"
"221260.0";"2.097022"
"221270.0";"2.113783"
"221280.0";"2.090285"
"221290.0";"2.116797"
"221300.0";"2.076424"
"221310.0";"2.056235"
"221320.0";"2.159545"
"221330.0";"2.142406"
"221340.0";"2.127827"
"221350.0";"2.10668"
"221360.0";"2.152983"
"221370.0";"2.086"
"221380.0";"2.088656"
"221390.0";"2.093139"
"221400.0";"2.136461"
"221410.0";"2.086227"
"221420.0";"2.110455"
"221430.0";"2.118107"
"221440.0";"2.101491"
"221450.0";"2.126825"
"221460.0";"2.106688"
"221470.0";"2.082595"
"221480.0";"2.123352"
"221490.0";"2.091148"
"221500.0";"2.122717"
"221510.0";"2.107455"
"221520.0";"2.153024"
"221530.0";"2.085641"
"221540.0";"2.111096"
"221550.0";"2.099474"
"221560.0";"2.106637"
"221570.0";"2.122915"
"221580.0";"2.114321"
"221590.0";"2.066618"
"221600.0";"2.108475"
"221610.0";"2.09484"
"221620.0";"2.146251"
"221630.0";"2.039176"
"221640.0";"2.051371"
"221650.0";"2.099226"
"221660.0";"2.093392"
"221670.0";"2.060238"
"221680.0";"2.119353"
"221690.0";"2.119797"
"221700.0";"2.117021"
"221710.0";"2.117745"
"221720.0";"2.112461"
"221730.0";"2.080878"
"221740.0";"2.083141"
"221750.0";"2.11077"
"221760.0";"2.099294"
"221770.0";"2.104682"
"221780.0";"2.096199"
"221790.0";"2.096158"
"221800.0";"2.050752"
"221810.0";"2.075164"
"221820.0";"2.088841"
"221830.0";"2.094829"
"221840.0";"2.091786"
"221850.0";"2.125605"
"221860.0";"2.14537"
"221870.0";"2.082922"
"221880.0";"2.145069"
"221890.0";"2.086714"
"221900.0";"2.140784"
"221910.0";"2.11814"
"221920.0";"2.183085"
"221930.0";"2.152471"
"221940.0";"2.075173"
"221950.0";"2.10017"
"221960.0";"2.120489"
"221970.0";"2.120703"
"221980.0";"2.146198"
"221990.0";"2.125836"
"222000.0";"2.130017"
"222010.0";"2.105374"
"222020.0";"2.102612"
"222030.0";"2.157644"
"222040.0";"2.126389"
"222050.0";"2.072426"
"222060.0";"2.124258"
"222070.0";"2.1147"
"222080.0";"2.148492"
"222090.0";"2.073923"
"222100.0";"2.158016"
"222110.0";"2.123405"
"222120.0";"2.129664"
"222130.0";"2.152968"
"222140.0";"2.102272"
"222150.0";"2.118019"
"222160.0";"2.086568"
"222170.0";"2.110596"
"222180.0";"2.157475"
"222190.0";"2.091875"
"222200.0";"2.126487"
"222210.0";"2.13184"
"222220.0";"2.157416"
"222230.0";"2.096968"
"222240.0";"2.14109"
"222250.0";"2.08794"
"222260.0";"2.117712"
"222270.0";"2.050522"
"222280.0";"2.113858"
"222290.0";"2.173883"
"222300.0";"2.076779"
"222310.0";"2.134898"
"222320.0";"2.095559"
"222330.0";"2.078197"
"222340.0";"2.088452"
"222350.0";"2.10141"
"222360.0";"2.138163"
"222370.0";"2.093175"
"222380.0";"2.08831"
"222390.0";"2.068028"
"222400.0";"2.134758"
"222410.0";"2.16216"
"222420.0";"2.104049"
"222430.0";"2.082723"
"222440.0";"2.161201"
"222450.0";"2.153187"
"222460.0";"2.162471"
"222470.0";"2.083138"
"222480.0";"2.139925"
"222490.0";"2.138751"
"222500.0";"2.115084"
"222510.0";"2.116632"
"222520.0";"2.138852"
"222530.0";"2.109699"
"222540.0";"2.09756"
"222550.0";"2.184153"
"222560.0";"2.133475"
"222570.0";"2.077648"
"222580.0";"2.117229"
"222590.0";"2.044528"
"222600.0";"2.110452"
"222610.0";"2.113899"
"222620.0";"2.101427"
"222630.0";"2.122416"
"222640.0";"2.131299"
"222650.0";"2.072307"
"222660.0";"2.088437"
"222670.0";"2.085159"
"222680.0";"2.086496"
"222690.0";"2.086748"
"222700.0";"2.069776"
"222710.0";"2.089823"
"222720.0";"2.108912"
"222730.0";"2.119514"
"222740.0";"2.07589"
"222750.0";"2.090481"
"222760.0";"2.134824"
"222770.0";"2.089544"
"222780.0";"2.064861"
"222790.0";"2.101599"
"222800.0";"2.143762"
"222810.0";"2.084398"
"222820.0";"2.126863"
"222830.0";"2.102171"
"222840.0";"2.117539"
"222850.0";"2.061449"
"222860.0";"2.154478"
"222870.0";"2.181142"
"222880.0";"2.088518"
"222890.0";"2.157504"
"222900.0";"2.11601"
"222910.0";"2.070996"
"222920.0";"2.110491"
"222930.0";"2.1463"
"222940.0";"2.088272"
"222950.0";"2.102924"
"222960.0";"2.118586"
"222970.0";"2.087649"
"222980.0";"2.105683"
"222990.0";"2.124506"
"223000.0";"2.093061"
"223010.0";"2.135242"
"223020.0";"2.114544"
"223030.0";"2.086107"
"223040.0";"2.129467"
"223050.0";"2.112274"
"223060.0";"2.061826"
"223070.0";"2.077091"
"223080.0";"2.129694"
"223090.0";"2.121183"
"223100.0";"2.149509"
"223110.0";"2.164985"
"223120.0";"2.112746"
"223130.0";"2.061695"
"223140.0";"2.116088"
"223150.0";"2.101308"
"223160.0";"2.124428"
"223170.0";"2.115592"
"223180.0";"2.085108"
"223190.0";"2.096125"
"223200.0";"2.14599"
"223210.0";"2.098898"
"223220.0";"2.096304"
"223230.0";"2.102367"
"223240.0";"2.084657"
"223250.0";"2.119473"
"223260.0";"2.102611"
"223270.0";"2.154048"
"223280.0";"2.15483"
"223290.0";"2.10018"
"223300.0";"2.124417"
"223310.0";"2.076411"
"223320.0";"2.119514"
"223330.0";"2.082781"
"223340.0";"2.127763"
"223350.0";"2.072346"
"223360.0";"2.128767"
"223370.0";"2.082863"
"223380.0";"2.075817"
"223390.0";"2.139331"
"223400.0";"2.127999"
"223410.0";"2.136147"
"223420.0";"2.121791"
"223430.0";"2.11275"
"223440.0";"2.176537"
"223450.0";"2.144488"
"223460.0";"2.109578"
"223470.0";"2.132493"
"223480.0";"2.091728"
"223490.0";"2.116343"
"223500.0";"2.087371"
"223510.0";"2.097997"
"223520.0";"2.111465"
"223530.0";"2.116487"
"223540.0";"2.15097"
"223550.0";"2.102705"
"223560.0";"2.092283"
"223570.0";"2.121197"
"223580.0";"2.13818"
"223590.0";"2.115752"
"223600.0";"2.11094"
"223610.0";"2.126954"
"223620.0";"2.116353"
"223630.0";"2.163602"
"223640.0";"2.068886"
"223650.0";"2.104546"
"223660.0";"2.143737"
"223670.0";"2.097934"
"223680.0";"2.090939"
"223690.0";"2.137784"
"223700.0";"2.106585"
"223710.0";"2.146266"
"223720.0";"2.113836"
"223730.0";"2.08735"
"223740.0";"2.090299"
"223750.0";"2.130486"
"223760.0";"2.187547"
"223770.0";"2.099412"
"223780.0";"2.10009"
"223790.0";"2.068578"
"223800.0";"2.131477"
"223810.0";"2.166221"
"223820.0";"2.113777"
"223830.0";"2.169771"
"223840.0";"2.160988"
"223850.0";"2.147976"
"223860.0";"2.162762"
"223870.0";"2.089785"
"223880.0";"2.166593"
"223890.0";"2.121687"
"223900.0";"2.160142"
"223910.0";"2.171504"
"223920.0";"2.128248"
"223930.0";"2.135866"
"223940.0";"2.139879"
"223950.0";"2.198003"
"223960.0";"2.131778"
"223970.0";"2.122456"
"223980.0";"2.118723"
"223990.0";"2.110854"
"224000.0";"2.189909"
"224010.0";"2.104101"
"224020.0";"2.115028"
"224030.0";"2.11"
"224040.0";"2.139674"
"224050.0";"2.082882"
"224060.0";"2.081553"
"224070.0";"2.099826"
"224080.0";"2.072083"
"224090.0";"2.108347"
"224100.0";"2.068331"
"224110.0";"2.155656"
"224120.0";"2.147281"
"224130.0";"2.159011"
"224140.0";"2.138199"
"224150.0";"2.206003"
"224160.0";"2.174041"
"224170.0";"2.125875"
"224180.0";"2.149156"
"224190.0";"2.166682"
"224200.0";"2.105255"
"224210.0";"2.09001"
"224220.0";"2.131802"
"224230.0";"2.146349"
"224240.0";"2.106081"
"224250.0";"2.18843"
"224260.0";"2.119288"
"224270.0";"2.147187"
"224280.0";"2.124737"
"224290.0";"2.04076"
"224300.0";"2.111978"
"224310.0";"2.118232"
"224320.0";"2.177722"
"224330.0";"2.074447"
"224340.0";"2.105682"
"224350.0";"2.116803"
"224360.0";"2.127751"
"224370.0";"2.12199"
"224380.0";"2.12755"
"224390.0";"2.098088"
"224400.0";"2.108507"
"224410.0";"2.10538"
"224420.0";"2.202213"
"224430.0";"2.150435"
"224440.0";"2.186404"
"224450.0";"2.147545"
"224460.0";"2.132425"
"224470.0";"2.092739"
"224480.0";"2.162865"
"224490.0";"2.146032"
"224500.0";"2.134601"
"224510.0";"2.154901"
"224520.0";"2.124619"
"224530.0";"2.10044"
"224540.0";"2.093181"
"224550.0";"2.167457"
"224560.0";"2.174396"
"224570.0";"2.088765"
"224580.0";"2.166055"
"224590.0";"2.113643"
"224600.0";"2.089481"
"224610.0";"2.175486"
"224620.0";"2.175139"
"224630.0";"2.171298"
"224640.0";"2.105805"
"224650.0";"2.14619"
"224660.0";"2.092866"
"224670.0";"2.115506"
"224680.0";"2.095277"
"224690.0";"2.162303"
"224700.0";"2.073485"
"224710.0";"2.115983"
"224720.0";"2.131918"
"224730.0";"2.186556"
"224740.0";"2.118018"
"224750.0";"2.079947"
"224760.0";"2.127155"
"224770.0";"2.09023"
"224780.0";"2.120654"
"224790.0";"2.119901"
"224800.0";"2.122885"
"224810.0";"2.127509"
"224820.0";"2.101775"
"224830.0";"2.135872"
"224840.0";"2.081182"
"224850.0";"2.194635"
"224860.0";"2.109158"
"224870.0";"2.155329"
"224880.0";"2.132989"
"224890.0";"2.152249"
"224900.0";"2.153909"
"224910.0";"2.136294"
"224920.0";"2.146069"
"224930.0";"2.168356"
"224940.0";"2.11011"
"224950.0";"2.135788"
"224960.0";"2.129565"
"224970.0";"2.105005"
"224980.0";"2.060361"
"224990.0";"2.165536"
"225000.0";"2.169823"
"225010.0";"2.178242"
"225020.0";"2.143486"
"225030.0";"2.127103"
"225040.0";"2.209502"
"225050.0";"2.135949"
"225060.0";"2.166879"
"225070.0";"2.114666"
"225080.0";"2.120903"
"225090.0";"2.154298"
"225100.0";"2.122466"
"225110.0";"2.110882"
"225120.0";"2.08881"
"225130.0";"2.136738"
"225140.0";"2.13037"
"225150.0";"2.141273"
"225160.0";"2.084372"
"225170.0";"2.17136"
"225180.0";"2.089614"
"225190.0";"2.148043"
"225200.0";"2.118216"
"225210.0";"2.166091"
"225220.0";"2.138491"
"225230.0";"2.075738"
"225240.0";"2.101506"
"225250.0";"2.140912"
"225260.0";"2.142626"
"225270.0";"2.10678"
"225280.0";"2.113903"
"225290.0";"2.127121"
"225300.0";"2.128135"
"225310.0";"2.086702"
"225320.0";"2.143757"
"225330.0";"2.127386"
"225340.0";"2.172258"
"225350.0";"2.178496"
"225360.0";"2.133061"
"225370.0";"2.11989"
"225380.0";"2.093747"
"225390.0";"2.115087"
"225400.0";"2.125938"
"225410.0";"2.150765"
"225420.0";"2.104031"
"225430.0";"2.120736"
"225440.0";"2.135247"
"225450.0";"2.103085"
"225460.0";"2.086315"
"225470.0";"2.090054"
"225480.0";"2.109135"
"225490.0";"2.115953"
"225500.0";"2.069927"
"225510.0";"2.101891"
"225520.0";"2.111482"
"225530.0";"2.113987"
"225540.0";"2.126271"
"225550.0";"2.154101"
"225560.0";"2.197199"
"225570.0";"2.133933"
"225580.0";"2.144744"
"225590.0";"2.113152"
"225600.0";"2.2276"
"225610.0";"2.097868"
"225620.0";"2.175263"
"225630.0";"2.121963"
"225640.0";"2.074601"
"225650.0";"2.089579"
"225660.0";"2.141885"
"225670.0";"2.174111"
"225680.0";"2.113008"
"225690.0";"2.154328"
"225700.0";"2.082664"
"225710.0";"2.172959"
"225720.0";"2.113786"
"225730.0";"2.091665"
"225740.0";"2.089813"
"225750.0";"2.054628"
"225760.0";"2.076156"
"225770.0";"2.122775"
"225780.0";"2.152928"
"225790.0";"2.124827"
"225800.0";"2.150201"
"225810.0";"2.149196"
"225820.0";"2.127701"
"225830.0";"2.157562"
"225840.0";"2.14619"
"225850.0";"2.13647"
"225860.0";"2.199829"
"225870.0";"2.113404"
"225880.0";"2.108716"
"225890.0";"2.123136"
"225900.0";"2.114458"
"225910.0";"2.148438"
"225920.0";"2.153217"
"225930.0";"2.171055"
"225940.0";"2.123131"
"225950.0";"2.130327"
"225960.0";"2.149638"
"225970.0";"2.119433"
"225980.0";"2.077253"
"225990.0";"2.127581"
"226000.0";"2.074456"
"226010.0";"2.107772"
"226020.0";"2.129289"
"226030.0";"2.080192"
"226040.0";"2.140416"
"226050.0";"2.09809"
"226060.0";"2.13969"
"226070.0";"2.156758"
"226080.0";"2.19259"
"226090.0";"2.175407"
"226100.0";"2.142667"
"226110.0";"2.15855"
"226120.0";"2.14083"
"226130.0";"2.147526"
"226140.0";"2.109051"
"226150.0";"2.13786"
"226160.0";"2.14394"
"226170.0";"2.129975"
"226180.0";"2.187008"
"226190.0";"2.13894"
"226200.0";"2.227825"
"226210.0";"2.180287"
"226220.0";"2.099001"
"226230.0";"2.133527"
"226240.0";"2.152722"
"226250.0";"2.161149"
"226260.0";"2.171578"
"226270.0";"2.224348"
"226280.0";"2.287763"
"226290.0";"2.310187"
"226300.0";"2.121663"
"226310.0";"2.181556"
"226320.0";"2.185298"
"226330.0";"2.250886"
"226340.0";"2.193522"
"226350.0";"2.127455"
"226360.0";"2.132358"
"226370.0";"2.171601"
"226380.0";"2.091267"
"226390.0";"2.127666"
"226400.0";"2.225512"
"226410.0";"2.192086"
"226420.0";"2.168885"
"226430.0";"2.163131"
"226440.0";"2.088976"
"226450.0";"2.078972"
"226460.0";"2.21778"
"226470.0";"2.159421"
"226480.0";"2.139014"
"226490.0";"2.162847"
"226500.0";"2.110953"
"226510.0";"2.148193"
"226520.0";"2.159332"
"226530.0";"2.172981"
"226540.0";"2.201759"
"226550.0";"2.092241"
"226560.0";"2.18552"
"226570.0";"2.143048"
"226580.0";"2.191231"
"226590.0";"2.227291"
"226600.0";"2.149481"
"226610.0";"2.179314"
"226620.0";"2.282671"
"226630.0";"2.138894"
"226640.0";"2.168816"
"226650.0";"2.16943"
"226660.0";"2.165298"
"226670.0";"2.138969"
"226680.0";"2.126583"
"226690.0";"2.138101"
"226700.0";"2.140714"
"226710.0";"2.159683"
"226720.0";"2.141137"
"226730.0";"2.195476"
"226740.0";"2.158396"
"226750.0";"2.222357"
"226760.0";"2.218335"
"226770.0";"2.400832"
"226780.0";"2.312051"
"226790.0";"2.366403"
"226800.0";"2.299917"
"226810.0";"2.260553"
"226820.0";"2.235222"
"226830.0";"2.204058"
"226840.0";"2.250278"
"226850.0";"2.214293"
"226860.0";"2.169228"
"226870.0";"2.189157"
"226880.0";"2.187999"
"226890.0";"2.099072"
"226900.0";"2.228278"
"226910.0";"2.257874"
"226920.0";"2.226431"
"226930.0";"2.315151"
"226940.0";"2.406427"
"226950.0";"2.370398"
"226960.0";"2.236239"
"226970.0";"2.165715"
"226980.0";"2.252183"
"226990.0";"2.21975"
"227000.0";"2.172978"
"227010.0";"2.243235"
"227020.0";"2.227851"
"227030.0";"2.229053"
"227040.0";"2.199928"
"227050.0";"2.201023"
"227060.0";"2.233414"
"227070.0";"2.206281"
"227080.0";"2.192966"
"227090.0";"2.238709"
"227100.0";"2.245453"
"227110.0";"2.210593"
"227120.0";"2.223768"
"227130.0";"2.209485"
"227140.0";"2.317049"
"227150.0";"2.283929"
"227160.0";"2.211386"
"227170.0";"2.161714"
"227180.0";"2.184195"
"227190.0";"2.180581"
"227200.0";"2.181762"
"227210.0";"2.23416"
"227220.0";"2.246924"
"227230.0";"2.152047"
"227240.0";"2.140862"
"227250.0";"2.225538"
"227260.0";"2.233393"
"227270.0";"2.197638"
"227280.0";"2.237733"
"227290.0";"2.17937"
"227300.0";"2.188347"
"227310.0";"2.226447"
"227320.0";"2.146842"
"227330.0";"2.12929"
"227340.0";"2.186509"
"227350.0";"2.07138"
"227360.0";"2.15047"
"227370.0";"2.074825"
"227380.0";"2.168594"
"227390.0";"2.274495"
"227400.0";"2.191605"
"227410.0";"2.370933"
"227420.0";"2.313286"
"227430.0";"2.189749"
"227440.0";"2.202877"
"227450.0";"2.125556"
"227460.0";"2.185504"
"227470.0";"2.185384"
"227480.0";"2.158494"
"227490.0";"2.157431"
"227500.0";"2.191516"
"227510.0";"2.373764"
"227520.0";"2.31179"
"227530.0";"2.22807"
"227540.0";"2.215966"
"227550.0";"2.198734"
"227560.0";"2.412116"
"227570.0";"2.405504"
"227580.0";"2.416035"
"227590.0";"2.341585"
"227600.0";"2.182403"
"227610.0";"2.138207"
"227620.0";"2.218614"
"227630.0";"2.24543"
"227640.0";"2.210982"
"227650.0";"2.311506"
"227660.0";"2.326978"
"227670.0";"2.290163"
"227680.0";"2.196679"
"227690.0";"2.202367"
"227700.0";"2.210709"
"227710.0";"2.260229"
"227720.0";"2.27157"
"227730.0";"2.246668"
"227740.0";"2.227644"
"227750.0";"2.233569"
"227760.0";"2.140523"
"227770.0";"2.143304"
"227780.0";"2.175457"
"227790.0";"2.183731"
"227800.0";"2.207718"
"227810.0";"2.233341"
"227820.0";"2.236829"
"227830.0";"2.176122"
"227840.0";"2.200967"
"227850.0";"2.232062"
"227860.0";"2.274254"
"227870.0";"2.161911"
"227880.0";"2.285024"
"227890.0";"2.287978"
"227900.0";"2.246673"
"227910.0";"2.215428"
"227920.0";"2.198643"
"227930.0";"2.203174"
"227940.0";"2.240466"
"227950.0";"2.222395"
"227960.0";"2.137075"
"227970.0";"2.178687"
"227980.0";"2.179559"
"227990.0";"2.159881"
"228000.0";"2.20489"
"228010.0";"2.222703"
"228020.0";"2.275158"
"228030.0";"2.214867"
"228040.0";"2.288004"
"228050.0";"2.288627"
"228060.0";"2.218186"
"228070.0";"2.345341"
"228080.0";"2.250293"
"228090.0";"2.266188"
"228100.0";"2.320434"
"228110.0";"2.355149"
"228120.0";"2.178962"
"228130.0";"2.276203"
"228140.0";"2.263841"
"228150.0";"2.257924"
"228160.0";"2.202109"
"228170.0";"2.142576"
"228180.0";"2.153627"
"228190.0";"2.21656"
"228200.0";"2.216868"
"228210.0";"2.197044"
"228220.0";"2.227814"
"228230.0";"2.168082"
"228240.0";"2.17051"
"228250.0";"2.199847"
"228260.0";"2.209797"
"228270.0";"2.160168"
"228280.0";"2.170525"
"228290.0";"2.13545"
"228300.0";"2.24823"
"228310.0";"2.197711"
"228320.0";"2.25366"
"228330.0";"2.282696"
"228340.0";"2.172172"
"228350.0";"2.120226"
"228360.0";"2.14443"
"228370.0";"2.156111"
"228380.0";"2.188627"
"228390.0";"2.265513"
"228400.0";"2.285945"
"228410.0";"2.2623"
"228420.0";"2.200897"
"228430.0";"2.23069"
"228440.0";"2.165372"
"228450.0";"2.271915"
"228460.0";"2.216643"
"228470.0";"2.193367"
"228480.0";"2.211249"
"228490.0";"2.252483"
"228500.0";"2.249216"
"228510.0";"2.230334"
"228520.0";"2.182647"
"228530.0";"2.21066"
"228540.0";"2.233918"
"228550.0";"2.17754"
"228560.0";"2.194688"
"228570.0";"2.211992"
"228580.0";"2.240349"
"228590.0";"2.193443"
"228600.0";"2.196223"
"228610.0";"2.222293"
"228620.0";"2.200945"
"228630.0";"2.200657"
"228640.0";"2.236117"
"228650.0";"2.205972"
"228660.0";"2.159872"
"228670.0";"2.216872"
"228680.0";"2.208539"
"228690.0";"2.298021"
"228700.0";"2.204609"
"228710.0";"2.229793"
"228720.0";"2.16181"
"228730.0";"2.270619"
"228740.0";"2.243378"
"228750.0";"2.271204"
"228760.0";"2.196205"
"228770.0";"2.259912"
"228780.0";"2.334031"
"228790.0";"2.382698"
"228800.0";"2.297261"
"228810.0";"2.262709"
"228820.0";"2.232455"
"228830.0";"2.287956"
"228840.0";"2.165102"
"228850.0";"2.161816"
"228860.0";"2.313249"
"228870.0";"2.292994"
"228880.0";"2.287537"
"228890.0";"2.278969"
"228900.0";"2.213451"
"228910.0";"2.183087"
"228920.0";"2.250548"
"228930.0";"2.298703"
"228940.0";"2.250208"
"228950.0";"2.230997"
"228960.0";"2.195881"
"228970.0";"2.217387"
"228980.0";"2.212665"
"228990.0";"2.263758"
"229000.0";"2.217689"
"229010.0";"2.210114"
"229020.0";"2.246716"
"229030.0";"2.227465"
"229040.0";"2.242635"
"229050.0";"2.270675"
"229060.0";"2.226357"
"229070.0";"2.198593"
"229080.0";"2.227103"
"229090.0";"2.158127"
"229100.0";"2.161744"
"229110.0";"2.144344"
"229120.0";"2.177026"
"229130.0";"2.261651"
"229140.0";"2.333384"
"229150.0";"2.232167"
"229160.0";"2.203769"
"229170.0";"2.218411"
"229180.0";"2.187283"
"229190.0";"2.221856"
"229200.0";"2.267226"
"229210.0";"2.207945"
"229220.0";"2.201626"
"229230.0";"2.214787"
"229240.0";"2.243111"
"229250.0";"2.170128"
"229260.0";"2.230416"
"229270.0";"2.211411"
"229280.0";"2.184386"
"229290.0";"2.201812"
"229300.0";"2.191144"
"229310.0";"2.216713"
"229320.0";"2.215675"
"229330.0";"2.273208"
"229340.0";"2.268908"
"229350.0";"2.224781"
"229360.0";"2.179127"
"229370.0";"2.297021"
"229380.0";"2.24842"
"229390.0";"2.271793"
"229400.0";"2.228077"
"229410.0";"2.11754"
"229420.0";"2.192605"
"229430.0";"2.187949"
"229440.0";"2.13859"
"229450.0";"2.190688"
"229460.0";"2.206815"
"229470.0";"2.134847"
"229480.0";"2.196182"
"229490.0";"2.153664"
"229500.0";"2.232511"
"229510.0";"2.07424"
"229520.0";"2.168234"
"229530.0";"2.198961"
"229540.0";"2.1287"
"229550.0";"2.076735"
"229560.0";"2.135586"
"229570.0";"2.1693"
"229580.0";"2.198225"
"229590.0";"2.152194"
"229600.0";"2.150073"
"229610.0";"2.139636"
"229620.0";"2.1633"
"229630.0";"2.190686"
"229640.0";"2.144683"
"229650.0";"2.226702"
"229660.0";"2.211581"
"229670.0";"2.226213"
"229680.0";"2.255818"
"229690.0";"2.134801"
"229700.0";"2.200065"
"229710.0";"2.20069"
"229720.0";"2.191899"
"229730.0";"2.134961"
"229740.0";"2.155294"
"229750.0";"2.194797"
"229760.0";"2.173226"
"229770.0";"2.220669"
"229780.0";"2.167023"
"229790.0";"2.129888"
"229800.0";"2.179858"
"229810.0";"2.233717"
"229820.0";"2.221927"
"229830.0";"2.212196"
"229840.0";"2.168063"
"229850.0";"2.240522"
"229860.0";"2.203066"
"229870.0";"2.1666"
"229880.0";"2.216023"
"229890.0";"2.192194"
"229900.0";"2.225558"
"229910.0";"2.164995"
"229920.0";"2.240644"
"229930.0";"2.2355"
"229940.0";"2.220471"
"229950.0";"2.258608"
"229960.0";"2.247625"
"229970.0";"2.250335"
"229980.0";"2.220487"
"229990.0";"2.251995"
"230000.0";"2.197261"
"230010.0";"2.188924"
"230020.0";"2.255386"
"230030.0";"2.226425"
"230040.0";"2.204396"
"230050.0";"2.224315"
"230060.0";"2.199173"
"230070.0";"2.172029"
"230080.0";"2.254385"
"230090.0";"2.213506"
"230100.0";"2.241024"
"230110.0";"2.305373"
"230120.0";"2.164154"
"230130.0";"2.243125"
"230140.0";"2.201429"
"230150.0";"2.243049"
"230160.0";"2.255492"
"230170.0";"2.243329"
"230180.0";"2.177258"
"230190.0";"2.132455"
"230200.0";"2.256445"
"230210.0";"2.227233"
"230220.0";"2.319662"
"230230.0";"2.228649"
"230240.0";"2.180456"
"230250.0";"2.194396"
"230260.0";"2.151677"
"230270.0";"2.185859"
"230280.0";"2.213875"
"230290.0";"2.070616"
"230300.0";"2.149706"
"230310.0";"2.093236"
"230320.0";"2.14727"
"230330.0";"2.172116"
"230340.0";"2.152774"
"230350.0";"2.165488"
"230360.0";"2.15805"
"230370.0";"2.195708"
"230380.0";"2.147324"
"230390.0";"2.19591"
"230400.0";"2.137619"
"230410.0";"2.165721"
"230420.0";"2.169797"
"230430.0";"2.143534"
"230440.0";"2.180619"
"230450.0";"2.138174"
"230460.0";"2.12701"
"230470.0";"2.139664"
"230480.0";"2.133699"
"230490.0";"2.132726"
"230500.0";"2.180381"
"230510.0";"2.139322"
"230520.0";"2.168694"
"230530.0";"2.118335"
"230540.0";"2.17642"
"230550.0";"2.20631"
"230560.0";"2.194127"
"230570.0";"2.118075"
"230580.0";"2.113747"
"230590.0";"2.187768"
"230600.0";"2.161798"
"230610.0";"2.205132"
"230620.0";"2.178512"
"230630.0";"2.193047"
"230640.0";"2.197489"
"230650.0";"2.199203"
"230660.0";"2.093195"
"230670.0";"2.15765"
"230680.0";"2.12644"
"230690.0";"2.159215"
"230700.0";"2.132688"
"230710.0";"2.075825"
"230720.0";"2.13273"
"230730.0";"2.23505"
"230740.0";"2.138772"
"230750.0";"2.188548"
"230760.0";"2.177999"
"230770.0";"2.118608"
"230780.0";"2.151539"
"230790.0";"2.227644"
"230800.0";"2.191003"
"230810.0";"2.113332"
"230820.0";"2.209848"
"230830.0";"2.241609"
"230840.0";"2.147232"
"230850.0";"2.109855"
"230860.0";"2.169656"
"230870.0";"2.264518"
"230880.0";"2.174352"
"230890.0";"2.183435"
"230900.0";"2.356408"
"230910.0";"2.194806"
"230920.0";"2.359402"
"230930.0";"2.104526"
"230940.0";"2.26063"
"230950.0";"2.220194"
"230960.0";"2.101483"
"230970.0";"2.138113"
"230980.0";"2.152577"
"230990.0";"2.138455"
"231000.0";"2.118958"
"231010.0";"2.200079"
"231020.0";"2.18802"
"231030.0";"2.157151"
"231040.0";"2.225223"
"231050.0";"2.167223"
"231060.0";"2.228616"
"231070.0";"2.113025"
"231080.0";"2.147732"
"231090.0";"2.17312"
"231100.0";"2.17314"
"231110.0";"2.217686"
"231120.0";"2.102044"
"231130.0";"2.155483"
"231140.0";"2.113761"
"231150.0";"2.155647"
"231160.0";"2.170287"
"231170.0";"2.20016"
"231180.0";"2.173623"
"231190.0";"2.141936"
"231200.0";"2.203516"
"231210.0";"2.157877"
"231220.0";"2.154217"
"231230.0";"2.14943"
"231240.0";"2.115352"
"231250.0";"2.176619"
"231260.0";"2.186741"
"231270.0";"2.156874"
"231280.0";"2.204458"
"231290.0";"2.140542"
"231300.0";"2.156296"
"231310.0";"2.146873"
"231320.0";"2.108818"
"231330.0";"2.150842"
"231340.0";"2.20147"
"231350.0";"2.192537"
"231360.0";"2.167185"
"231370.0";"2.232994"
"231380.0";"2.155655"
"231390.0";"2.175232"
"231400.0";"2.094414"
"231410.0";"2.089329"
"231420.0";"2.103516"
"231430.0";"2.175248"
"231440.0";"2.206868"
"231450.0";"2.207104"
"231460.0";"2.201886"
"231470.0";"2.17561"
"231480.0";"2.056109"
"231490.0";"2.159272"
"231500.0";"2.191187"
"231510.0";"2.116414"
"231520.0";"2.178495"
"231530.0";"2.15222"
"231540.0";"2.164275"
"231550.0";"2.15468"
"231560.0";"2.130975"
"231570.0";"2.212084"
"231580.0";"2.152991"
"231590.0";"2.15996"
"231600.0";"2.164912"
"231610.0";"2.172889"
"231620.0";"2.153334"
"231630.0";"2.14149"
"231640.0";"2.148259"
"231650.0";"2.151596"
"231660.0";"2.15835"
"231670.0";"2.140146"
"231680.0";"2.082411"
"231690.0";"2.077085"
"231700.0";"2.104242"
"231710.0";"2.261032"
"231720.0";"2.203265"
"231730.0";"2.22171"
"231740.0";"2.302108"
"231750.0";"2.317945"
"231760.0";"2.23618"
"231770.0";"2.215449"
"231780.0";"2.233236"
"231790.0";"2.10716"
"231800.0";"2.256364"
"231810.0";"2.163151"
"231820.0";"2.241865"
"231830.0";"2.211384"
"231840.0";"2.281091"
"231850.0";"2.223083"
"231860.0";"2.220467"
"231870.0";"2.22254"
"231880.0";"2.260174"
"231890.0";"2.280455"
"231900.0";"2.29829"
"231910.0";"2.266984"
"231920.0";"2.220212"
"231930.0";"2.178204"
"231940.0";"2.15311"
"231950.0";"2.149564"
"231960.0";"2.242242"
"231970.0";"2.239345"
"231980.0";"2.147032"
"231990.0";"2.237562"
"232000.0";"2.073625"
"232010.0";"2.139856"
"232020.0";"2.105837"
"232030.0";"2.08603"
"232040.0";"2.122267"
"232050.0";"2.118676"
"232060.0";"2.142473"
"232070.0";"2.209905"
"232080.0";"2.162411"
"232090.0";"2.172252"
"232100.0";"2.138835"
"232110.0";"2.182706"
"232120.0";"2.187438"
"232130.0";"2.198452"
"232140.0";"2.119208"
"232150.0";"2.147666"
"232160.0";"2.09184"
"232170.0";"2.164074"
"232180.0";"2.148839"
"232190.0";"2.13575"
"232200.0";"2.174556"
"232210.0";"2.106354"
"232220.0";"2.175918"
"232230.0";"2.288863"
"232240.0";"2.206899"
"232250.0";"2.195226"
"232260.0";"2.187257"
"232270.0";"2.138588"
"232280.0";"2.083444"
"232290.0";"2.168789"
"232300.0";"2.165569"
"232310.0";"2.266175"
"232320.0";"2.220517"
"232330.0";"2.213067"
"232340.0";"2.274772"
"232350.0";"2.360274"
"232360.0";"2.438046"
"232370.0";"2.447384"
"232380.0";"2.479856"
"232390.0";"2.477658"
"232400.0";"2.441648"
"232410.0";"2.432946"
"232420.0";"2.429587"
"232430.0";"2.36098"
"232440.0";"2.428931"
"232450.0";"2.353736"
"232460.0";"2.369988"
"232470.0";"2.372621"
"232480.0";"2.370733"
"232490.0";"2.364865"
"232500.0";"2.505926"
"232510.0";"2.412688"
"232520.0";"2.342904"
"232530.0";"2.390386"
"232540.0";"2.447466"
"232550.0";"2.286071"
"232560.0";"2.237995"
"232570.0";"2.215582"
"232580.0";"2.168966"
"232590.0";"2.144849"
"232600.0";"2.176621"
"232610.0";"2.194842"
"232620.0";"2.158511"
"232630.0";"2.097715"
"232640.0";"2.166683"
"232650.0";"2.094539"
"232660.0";"2.139272"
"232670.0";"2.136946"
"232680.0";"2.211197"
"232690.0";"2.11375"
"232700.0";"2.145454"
"232710.0";"2.161425"
"232720.0";"2.165925"
"232730.0";"2.125513"
"232740.0";"2.150288"
"232750.0";"2.184859"
"232760.0";"2.282183"
"232770.0";"2.227368"
"232780.0";"2.209231"
"232790.0";"2.266935"
"232800.0";"2.297332"
"232810.0";"2.21816"
"232820.0";"2.183264"
"232830.0";"2.248149"
"232840.0";"2.097452"
"232850.0";"2.104409"
"232860.0";"2.195279"
"232870.0";"2.174358"
"232880.0";"2.213424"
"232890.0";"2.115683"
"232900.0";"2.201277"
"232910.0";"2.145167"
"232920.0";"2.160266"
"232930.0";"2.148085"
"232940.0";"2.058296"
"232950.0";"2.069677"
"232960.0";"2.28084"
"232970.0";"2.203486"
"232980.0";"2.116028"
"232990.0";"2.25124"
"233000.0";"2.244903"
"233010.0";"2.132519"
"233020.0";"2.113405"
"233030.0";"2.12389"
"233040.0";"2.187365"
"233050.0";"2.177635"
"233060.0";"2.176504"
"233070.0";"2.233793"
"233080.0";"2.162891"
"233090.0";"2.261651"
"233100.0";"2.155732"
"233110.0";"2.273305"
"233120.0";"2.235909"
"233130.0";"2.220404"
"233140.0";"2.187011"
"233150.0";"2.310172"
"233160.0";"2.2048"
"233170.0";"2.23111"
"233180.0";"2.419398"
"233190.0";"2.392846"
"233200.0";"2.268974"
"233210.0";"2.287844"
"233220.0";"2.156592"
"233230.0";"2.265512"
"233240.0";"2.151573"
"233250.0";"2.223963"
"233260.0";"2.18456"
"233270.0";"2.186433"
"233280.0";"2.062157"
"233290.0";"2.123156"
"233300.0";"2.071068"
"233310.0";"2.098393"
"233320.0";"2.092121"
"233330.0";"2.139084"
"233340.0";"2.172786"
"233350.0";"2.147292"
"233360.0";"2.158225"
"233370.0";"2.174882"
"233380.0";"2.133243"
"233390.0";"2.147429"
"233400.0";"2.131899"
"233410.0";"2.14262"
"233420.0";"2.21042"
"233430.0";"2.192732"
"233440.0";"2.182579"
"233450.0";"2.275461"
"233460.0";"2.174206"
"233470.0";"2.246732"
"233480.0";"2.114069"
"233490.0";"2.148996"
"233500.0";"2.205921"
"233510.0";"2.195958"
"233520.0";"2.187725"
"233530.0";"2.232188"
"233540.0";"2.194379"
"233550.0";"2.164299"
"233560.0";"2.299202"
"233570.0";"2.186153"
"233580.0";"2.242634"
"233590.0";"2.161817"
"233600.0";"2.121064"
"233610.0";"2.218657"
"233620.0";"2.166871"
"233630.0";"2.150592"
"233640.0";"2.189364"
"233650.0";"2.225593"
"233660.0";"2.233524"
"233670.0";"2.159655"
"233680.0";"2.243419"
"233690.0";"2.21124"
"233700.0";"2.209794"
"233710.0";"2.246078"
"233720.0";"2.26746"
"233730.0";"2.231705"
"233740.0";"2.238879"
"233750.0";"2.201522"
"233760.0";"2.251251"
"233770.0";"2.225501"
"233780.0";"2.290848"
"233790.0";"2.320426"
"233800.0";"2.26666"
"233810.0";"2.275723"
"233820.0";"2.259267"
"233830.0";"2.303007"
"233840.0";"2.275656"
"233850.0";"2.336016"
"233860.0";"2.293941"
"233870.0";"2.416283"
"233880.0";"2.418934"
"233890.0";"2.442355"
"233900.0";"2.460906"
"233910.0";"2.55061"
"233920.0";"2.483398"
"233930.0";"2.535274"
"233940.0";"2.528886"
"233950.0";"2.479522"
"233960.0";"2.374863"
"233970.0";"2.399646"
"233980.0";"2.449801"
"233990.0";"2.352594"
"234000.0";"2.304473"
"234010.0";"2.254283"
"234020.0";"2.274261"
"234030.0";"2.263695"
"234040.0";"2.324662"
"234050.0";"2.294147"
"234060.0";"2.303857"
"234070.0";"2.26595"
"234080.0";"2.219918"
"234090.0";"2.186683"
"234100.0";"2.196029"
"234110.0";"2.218531"
"234120.0";"2.276144"
"234130.0";"2.205637"
"234140.0";"2.201878"
"234150.0";"2.256031"
"234160.0";"2.261702"
"234170.0";"2.190136"
"234180.0";"2.181383"
"234190.0";"2.214254"
"234200.0";"2.220114"
"234210.0";"2.173973"
"234220.0";"2.222461"
"234230.0";"2.264574"
"234240.0";"2.261635"
"234250.0";"2.188978"
"234260.0";"2.225874"
"234270.0";"2.260479"
"234280.0";"2.263242"
"234290.0";"2.182986"
"234300.0";"2.192142"
"234310.0";"2.139435"
"234320.0";"2.164006"
"234330.0";"2.192494"
"234340.0";"2.187228"
"234350.0";"2.135998"
"234360.0";"2.146232"
"234370.0";"2.149868"
"234380.0";"2.165941"
"234390.0";"2.127778"
"234400.0";"2.175879"
"234410.0";"2.17855"
"234420.0";"2.209015"
"234430.0";"2.264888"
"234440.0";"2.171247"
"234450.0";"2.160251"
"234460.0";"2.093329"
"234470.0";"2.185899"
"234480.0";"2.148228"
"234490.0";"2.198302"
"234500.0";"2.186052"
"234510.0";"2.232814"
"234520.0";"2.211411"
"234530.0";"2.222713"
"234540.0";"2.24604"
"234550.0";"2.157749"
"234560.0";"2.194953"
"234570.0";"2.200637"
"234580.0";"2.185484"
"234590.0";"2.076977"
"234600.0";"2.055164"
"234610.0";"2.127676"
"234620.0";"2.123692"
"234630.0";"2.118246"
"234640.0";"2.147705"
"234650.0";"2.099316"
"234660.0";"2.247427"
"234670.0";"2.1679"
"234680.0";"2.085051"
"234690.0";"2.110495"
"234700.0";"2.222723"
"234710.0";"2.170172"
"234720.0";"2.175383"
"234730.0";"2.238394"
"234740.0";"2.197352"
"234750.0";"2.145681"
"234760.0";"2.061835"
"234770.0";"2.114926"
"234780.0";"2.197796"
"234790.0";"2.181805"
"234800.0";"2.259989"
"234810.0";"2.168087"
"234820.0";"2.086607"
"234830.0";"2.198006"
"234840.0";"2.073739"
"234850.0";"2.089751"
"234860.0";"2.206268"
"234870.0";"2.165673"
"234880.0";"2.147069"
"234890.0";"2.229937"
"234900.0";"2.197949"
"234910.0";"2.143244"
"234920.0";"2.090959"
"234930.0";"2.112899"
"234940.0";"2.179605"
"234950.0";"2.208668"
"234960.0";"2.207408"
"234970.0";"2.179704"
"234980.0";"2.11893"
"234990.0";"2.131265"
"235000.0";"2.158736"
"235010.0";"2.245548"
"235020.0";"2.171297"
"235030.0";"2.187352"
"235040.0";"2.188626"
"235050.0";"2.147498"
"235060.0";"2.174848"
"235070.0";"2.15609"
"235080.0";"2.146688"
"235090.0";"2.154104"
"235100.0";"2.12185"
"235110.0";"2.106298"
"235120.0";"2.150265"
"235130.0";"2.126662"
"235140.0";"2.192244"
"235150.0";"2.159247"
"235160.0";"2.165496"
"235170.0";"2.204452"
"235180.0";"2.136414"
"235190.0";"2.127662"
"235200.0";"2.123696"
"235210.0";"2.114221"
"235220.0";"2.104788"
"235230.0";"2.167732"
"235240.0";"2.131746"
"235250.0";"2.14501"
"235260.0";"2.166542"
"235270.0";"2.183408"
"235280.0";"2.195167"
"235290.0";"2.216545"
"235300.0";"2.140084"
"235310.0";"2.205537"
"235320.0";"2.174731"
"235330.0";"2.247555"
"235340.0";"2.14884"
"235350.0";"2.189032"
"235360.0";"2.198831"
"235370.0";"2.13538"
"235380.0";"2.23021"
"235390.0";"2.303712"
"235400.0";"2.297708"
"235410.0";"2.315895"
"235420.0";"2.30439"
"235430.0";"2.252018"
"235440.0";"2.266132"
"235450.0";"2.310547"
"235460.0";"2.215306"
"235470.0";"2.328982"
"235480.0";"2.108499"
"235490.0";"2.170877"
"235500.0";"2.122226"
"235510.0";"2.17042"
"235520.0";"2.182549"
"235530.0";"2.200048"
"235540.0";"2.207686"
"235550.0";"2.218563"
"235560.0";"2.132248"
"235570.0";"2.124989"
"235580.0";"2.217798"
"235590.0";"2.273496"
"235600.0";"2.117806"
"235610.0";"2.177732"
"235620.0";"2.151923"
"235630.0";"2.206339"
"235640.0";"2.205017"
"235650.0";"2.124546"
"235660.0";"2.123045"
"235670.0";"2.182599"
"235680.0";"2.152994"
"235690.0";"2.154505"
"235700.0";"2.061789"
"235710.0";"2.192108"
"235720.0";"2.20666"
"235730.0";"2.129663"
"235740.0";"2.245375"
"235750.0";"2.199988"
"235760.0";"2.21644"
"235770.0";"2.216374"
"235780.0";"2.313159"
"235790.0";"2.264656"
"235800.0";"2.298521"
"235810.0";"2.299406"
"235820.0";"2.320092"
"235830.0";"2.32978"
"235840.0";"2.182598"
"235850.0";"2.250894"
"235860.0";"2.204867"
"235870.0";"2.271062"
"235880.0";"2.249731"
"235890.0";"2.250507"
"235900.0";"2.229499"
"235910.0";"2.311727"
"235920.0";"2.277941"
"235930.0";"2.26235"
"235940.0";"2.275794"
"235950.0";"2.381552"
"235960.0";"2.394407"
"235970.0";"2.32509"
"235980.0";"2.409439"
"235990.0";"2.205412"
"236000.0";"2.332292"
"236010.0";"2.255648"
"236020.0";"2.451142"
"236030.0";"2.308253"
"236040.0";"2.300341"
"236050.0";"2.291523"
"236060.0";"2.256317"
"236070.0";"2.290129"
"236080.0";"2.283848"
"236090.0";"2.297591"
"236100.0";"2.25827"
"236110.0";"2.308317"
"236120.0";"2.281435"
"236130.0";"2.27247"
"236140.0";"2.230155"
"236150.0";"2.241775"
"236160.0";"2.338094"
"236170.0";"2.151762"
"236180.0";"2.191065"
"236190.0";"2.223721"
"236200.0";"2.155711"
"236210.0";"2.174621"
"236220.0";"2.278116"
"236230.0";"2.29896"
"236240.0";"2.272605"
"236250.0";"2.288862"
"236260.0";"2.221963"
"236270.0";"2.263985"
"236280.0";"2.220618"
"236290.0";"2.320828"
"236300.0";"2.219764"
"236310.0";"2.234513"
"236320.0";"2.244473"
"236330.0";"2.237468"
"236340.0";"2.202271"
"236350.0";"2.150541"
"236360.0";"2.172318"
"236370.0";"2.152496"
"236380.0";"2.125367"
"236390.0";"2.192091"
"236400.0";"2.195492"
"236410.0";"2.180707"
"236420.0";"2.182558"
"236430.0";"2.137429"
"236440.0";"2.099504"
"236450.0";"2.221336"
"236460.0";"2.193001"
"236470.0";"2.173265"
"236480.0";"2.160556"
"236490.0";"2.122747"
"236500.0";"2.167785"
"236510.0";"2.082541"
"236520.0";"2.149361"
"236530.0";"2.225263"
"236540.0";"2.151093"
"236550.0";"2.192232"
"236560.0";"2.243734"
"236570.0";"2.150911"
"236580.0";"2.251847"
"236590.0";"2.226517"
"236600.0";"2.261958"
"236610.0";"2.224644"
"236620.0";"2.182345"
"236630.0";"2.265827"
"236640.0";"2.240404"
"236650.0";"2.304911"
"236660.0";"2.234956"
"236670.0";"2.179593"
"236680.0";"2.294064"
"236690.0";"2.259753"
"236700.0";"2.257648"
"236710.0";"2.438143"
"236720.0";"2.261319"
"236730.0";"2.228471"
"236740.0";"2.179045"
"236750.0";"2.119483"
"236760.0";"2.133455"
"236770.0";"2.142009"
"236780.0";"2.118991"
"236790.0";"2.172965"
"236800.0";"2.24377"
"236810.0";"2.13714"
"236820.0";"2.179984"
"236830.0";"2.111781"
"236840.0";"2.173214"
"236850.0";"2.24608"
"236860.0";"2.23396"
"236870.0";"2.167221"
"236880.0";"2.21891"
"236890.0";"2.173916"
"236900.0";"2.174707"
"236910.0";"2.172177"
"236920.0";"2.204749"
"236930.0";"2.207892"
"236940.0";"2.224745"
"236950.0";"2.196985"
"236960.0";"2.190756"
"236970.0";"2.140806"
"236980.0";"2.198725"
"236990.0";"2.099535"
"237000.0";"2.257411"
"237010.0";"2.216645"
"237020.0";"2.212883"
"237030.0";"2.169955"
"237040.0";"2.203899"
"237050.0";"2.157601"
"237060.0";"2.129903"
"237070.0";"2.192174"
"237080.0";"2.216431"
"237090.0";"2.264479"
"237100.0";"2.280684"
"237110.0";"2.363169"
"237120.0";"2.225782"
"237130.0";"2.294635"
"237140.0";"2.286129"
"237150.0";"2.28917"
"237160.0";"2.282318"
"237170.0";"2.29439"
"237180.0";"2.254585"
"237190.0";"2.265227"
"237200.0";"2.125234"
"237210.0";"2.155868"
"237220.0";"2.105528"
"237230.0";"2.131616"
"237240.0";"2.159737"
"237250.0";"2.133964"
"237260.0";"2.213675"
"237270.0";"2.119396"
"237280.0";"2.109906"
"237290.0";"2.175692"
"237300.0";"2.218842"
"237310.0";"2.242415"
"237320.0";"2.195915"
"237330.0";"2.241071"
"237340.0";"2.171676"
"237350.0";"2.201102"
"237360.0";"2.228786"
"237370.0";"2.160707"
"237380.0";"2.208265"
"237390.0";"2.164638"
"237400.0";"2.165804"
"237410.0";"2.146243"
"237420.0";"2.133083"
"237430.0";"2.13353"
"237440.0";"2.101044"
"237450.0";"2.114065"
"237460.0";"2.097628"
"237470.0";"2.132316"
"237480.0";"2.117474"
"237490.0";"2.157343"
"237500.0";"2.157205"
"237510.0";"2.12257"
"237520.0";"2.115935"
"237530.0";"2.124346"
"237540.0";"2.058718"
"237550.0";"2.105627"
"237560.0";"2.230406"
"237570.0";"2.141319"
"237580.0";"2.157416"
"237590.0";"2.112878"
"237600.0";"2.114113"
"237610.0";"2.110611"
"237620.0";"2.136879"
"237630.0";"2.108478"
"237640.0";"2.12129"
"237650.0";"2.086861"
"237660.0";"2.074225"
"237670.0";"2.054416"
"237680.0";"2.108681"
"237690.0";"2.09136"
"237700.0";"2.078719"
"237710.0";"2.085863"
"237720.0";"2.079804"
"237730.0";"2.070364"
"237740.0";"2.107117"
"237750.0";"2.066854"
"237760.0";"2.092674"
"237770.0";"2.109129"
"237780.0";"2.070255"
"237790.0";"2.112861"
"237800.0";"2.077639"
"237810.0";"2.096401"
"237820.0";"2.048721"
"237830.0";"2.083605"
"237840.0";"2.068814"
"237850.0";"2.066622"
"237860.0";"2.089191"
"237870.0";"2.083569"
"237880.0";"2.083182"
"237890.0";"2.101727"
"237900.0";"2.151116"
"237910.0";"2.116098"
"237920.0";"2.098918"
"237930.0";"2.141955"
"237940.0";"2.127708"
"237950.0";"2.073086"
"237960.0";"2.07694"
"237970.0";"2.0847"
"237980.0";"2.134165"
"237990.0";"2.064881"
"238000.0";"2.108645"
"238010.0";"2.111495"
"238020.0";"2.102261"
"238030.0";"2.25672"
"238040.0";"2.195958"
"238050.0";"2.268304"
"238060.0";"2.366609"
"238070.0";"2.272382"
"238080.0";"2.208786"
"238090.0";"2.209383"
"238100.0";"2.227894"
"238110.0";"2.268162"
"238120.0";"2.21384"
"238130.0";"2.200287"
"238140.0";"2.214636"
"238150.0";"2.280535"
"238160.0";"2.270404"
"238170.0";"2.220269"
"238180.0";"2.209118"
"238190.0";"2.212694"
"238200.0";"2.186341"
"238210.0";"2.26554"
"238220.0";"2.258384"
"238230.0";"2.257189"
"238240.0";"2.213469"
"238250.0";"2.23452"
"238260.0";"2.206693"
"238270.0";"2.233461"
"238280.0";"2.21082"
"238290.0";"2.220168"
"238300.0";"2.151312"
"238310.0";"2.127621"
"238320.0";"2.090845"
"238330.0";"2.190443"
"238340.0";"2.194109"
"238350.0";"2.192315"
"238360.0";"2.191828"
"238370.0";"2.172318"
"238380.0";"2.256607"
"238390.0";"2.223076"
"238400.0";"2.286488"
"238410.0";"2.220434"
"238420.0";"2.190941"
"238430.0";"2.19975"
"238440.0";"2.162162"
"238450.0";"2.245433"
"238460.0";"2.231945"
"238470.0";"2.275767"
"238480.0";"2.185881"
"238490.0";"2.21894"
"238500.0";"2.201199"
"238510.0";"2.206108"
"238520.0";"2.255238"
"238530.0";"2.275556"
"238540.0";"2.264856"
"238550.0";"2.169157"
"238560.0";"2.269871"
"238570.0";"2.212044"
"238580.0";"2.200009"
"238590.0";"2.205307"
"238600.0";"2.204167"
"238610.0";"2.167426"
"238620.0";"2.206703"
"238630.0";"2.197099"
"238640.0";"2.207668"
"238650.0";"2.171778"
"238660.0";"2.191135"
"238670.0";"2.210168"
"238680.0";"2.354086"
"238690.0";"2.18735"
"238700.0";"2.17529"
"238710.0";"2.198803"
"238720.0";"2.240137"
"238730.0";"2.189118"
"238740.0";"2.21059"
"238750.0";"2.183161"
"238760.0";"2.235338"
"238770.0";"2.255108"
"238780.0";"2.232888"
"238790.0";"2.300758"
"238800.0";"2.262818"
"238810.0";"2.244575"
"238820.0";"2.187165"
"238830.0";"2.171878"
"238840.0";"2.242359"
"238850.0";"2.15123"
"238860.0";"2.22239"
"238870.0";"2.236793"
"238880.0";"2.157883"
"238890.0";"2.244227"
"238900.0";"2.254472"
"238910.0";"2.202506"
"238920.0";"2.196046"
"238930.0";"2.227987"
"238940.0";"2.198439"
"238950.0";"2.23977"
"238960.0";"2.246208"
"238970.0";"2.213791"
"238980.0";"2.23259"
"238990.0";"2.282773"
"239000.0";"2.235503"
"239010.0";"2.216113"
"239020.0";"2.250877"
"239030.0";"2.293624"
"239040.0";"2.227157"
"239050.0";"2.221923"
"239060.0";"2.204509"
"239070.0";"2.217439"
"239080.0";"2.289318"
"239090.0";"2.222829"
"239100.0";"2.291663"
"239110.0";"2.302214"
"239120.0";"2.218094"
"239130.0";"2.230554"
"239140.0";"2.21832"
"239150.0";"2.239818"
"239160.0";"2.273525"
"239170.0";"2.279051"
"239180.0";"2.393492"
"239190.0";"2.336466"
"239200.0";"2.301913"
"239210.0";"2.217028"
"239220.0";"2.212634"
"239230.0";"2.304525"
"239240.0";"2.13936"
"239250.0";"2.180004"
"239260.0";"2.228322"
"239270.0";"2.290696"
"239280.0";"2.219198"
"239290.0";"2.196531"
"239300.0";"2.178945"
"239310.0";"2.221385"
"239320.0";"2.152802"
"239330.0";"2.176424"
"239340.0";"2.215304"
"239350.0";"2.177116"
"239360.0";"2.140694"
"239370.0";"2.201394"
"239380.0";"2.247292"
"239390.0";"2.232249"
"239400.0";"2.242742"
"239410.0";"2.196774"
"239420.0";"2.254519"
"239430.0";"2.294383"
"239440.0";"2.280339"
"239450.0";"2.290493"
"239460.0";"2.268147"
"239470.0";"2.20352"
"239480.0";"2.234339"
"239490.0";"2.398345"
"239500.0";"2.313699"
"239510.0";"2.265326"
"239520.0";"2.285892"
"239530.0";"2.301783"
"239540.0";"2.209603"
"239550.0";"2.260344"
"239560.0";"2.263001"
"239570.0";"2.225023"
"239580.0";"2.234391"
"239590.0";"2.223482"
"239600.0";"2.216606"
"239610.0";"2.203021"
"239620.0";"2.215106"
"239630.0";"2.23497"
"239640.0";"2.238399"
"239650.0";"2.225189"
"239660.0";"2.187793"
"239670.0";"2.182931"
"239680.0";"2.252041"
"239690.0";"2.259326"
"239700.0";"2.217668"
"239710.0";"2.302527"
"239720.0";"2.234874"
"239730.0";"2.205958"
"239740.0";"2.178983"
"239750.0";"2.219363"
"239760.0";"2.104325"
"239770.0";"2.205914"
"239780.0";"2.194675"
"239790.0";"2.265733"
"239800.0";"2.170302"
"239810.0";"2.193787"
"239820.0";"2.196513"
"239830.0";"2.268687"
"239840.0";"2.191968"
"239850.0";"2.202052"
"239860.0";"2.159512"
"239870.0";"2.189803"
"239880.0";"2.198714"
"239890.0";"2.217772"
"239900.0";"2.242708"
"239910.0";"2.166623"
"239920.0";"2.299692"
"239930.0";"2.288906"
"239940.0";"2.297468"
"239950.0";"2.263321"
"239960.0";"2.352557"
"239970.0";"2.196665"
"239980.0";"2.23601"
"239990.0";"2.168506"
"240000.0";"2.248337"
"240010.0";"2.204832"
"240020.0";"2.237949"
"240030.0";"2.217393"
"240040.0";"2.304328"
"240050.0";"2.168149"
"240060.0";"2.272587"
"240070.0";"2.219022"
"240080.0";"2.301419"
"240090.0";"2.194375"
"240100.0";"2.237504"
"240110.0";"2.246054"
"240120.0";"2.269133"
"240130.0";"2.208147"
"240140.0";"2.275596"
"240150.0";"2.285699"
"240160.0";"2.234453"
"240170.0";"2.222942"
"240180.0";"2.169771"
"240190.0";"2.209781"
"240200.0";"2.20977"
"240210.0";"2.210463"
"240220.0";"2.22586"
"240230.0";"2.145944"
"240240.0";"2.250197"
"240250.0";"2.190896"
"240260.0";"2.250297"
"240270.0";"2.175006"
"240280.0";"2.204952"
"240290.0";"2.237026"
"240300.0";"2.199584"
"240310.0";"2.239331"
"240320.0";"2.221466"
"240330.0";"2.164315"
"240340.0";"2.142624"
"240350.0";"2.219575"
"240360.0";"2.219761"
"240370.0";"2.266361"
"240380.0";"2.196041"
"240390.0";"2.274802"
"240400.0";"2.226208"
"240410.0";"2.189155"
"240420.0";"2.188757"
"240430.0";"2.184757"
"240440.0";"2.206958"
"240450.0";"2.219968"
"240460.0";"2.19943"
"240470.0";"2.145667"
"240480.0";"2.184742"
"240490.0";"2.17327"
"240500.0";"2.170898"
"240510.0";"2.181029"
"240520.0";"2.206033"
"240530.0";"2.208496"
"240540.0";"2.308987"
"240550.0";"2.25504"
"240560.0";"2.268649"
"240570.0";"2.254829"
"240580.0";"2.294911"
"240590.0";"2.245003"
"240600.0";"2.265068"
"240610.0";"2.273881"
"240620.0";"2.253873"
"240630.0";"2.296268"
"240640.0";"2.240312"
"240650.0";"2.279716"
"240660.0";"2.27185"
"240670.0";"2.276028"
"240680.0";"2.199467"
"240690.0";"2.359514"
"240700.0";"2.351305"
"240710.0";"2.171016"
"240720.0";"2.103419"
"240730.0";"2.123236"
"240740.0";"2.183961"
"240750.0";"2.078056"
"240760.0";"2.197789"
"240770.0";"2.125037"
"240780.0";"2.152675"
"240790.0";"2.199523"
"240800.0";"2.133882"
"240810.0";"2.13659"
"240820.0";"2.107959"
"240830.0";"2.041551"
"240840.0";"2.054053"
"240850.0";"2.107065"
"240860.0";"2.088079"
"240870.0";"2.127911"
"240880.0";"2.079952"
"240890.0";"2.142808"
"240900.0";"2.142769"
"240910.0";"2.19667"
"240920.0";"2.235858"
"240930.0";"2.199886"
"240940.0";"2.160831"
"240950.0";"2.139067"
"240960.0";"2.08419"
"240970.0";"2.230202"
"240980.0";"2.098539"
"240990.0";"2.110625"
"241000.0";"2.071056"
"241010.0";"2.049411"
"241020.0";"2.057979"
"241030.0";"2.111714"
"241040.0";"2.142804"
"241050.0";"2.128803"
"241060.0";"2.037224"
"241070.0";"2.072737"
"241080.0";"2.071195"
"241090.0";"2.076039"
"241100.0";"2.080701"
"241110.0";"2.088394"
"241120.0";"2.059162"
"241130.0";"2.070824"
"241140.0";"2.128942"
"241150.0";"2.08148"
"241160.0";"2.130089"
"241170.0";"2.159382"
"241180.0";"2.12243"
"241190.0";"2.105812"
"241200.0";"2.099077"
"241210.0";"2.043178"
"241220.0";"2.098163"
"241230.0";"2.076828"
"241240.0";"2.132759"
"241250.0";"2.062523"
"241260.0";"2.158834"
"241270.0";"2.086999"
"241280.0";"2.109249"
"241290.0";"2.084635"
"241300.0";"2.181234"
"241310.0";"2.147947"
"241320.0";"2.107754"
"241330.0";"2.157567"
"241340.0";"2.18728"
"241350.0";"2.216077"
"241360.0";"2.254199"
"241370.0";"2.292507"
"241380.0";"2.274346"
"241390.0";"2.269863"
"241400.0";"2.309009"
"241410.0";"2.220672"
"241420.0";"2.294201"
"241430.0";"2.261076"
"241440.0";"2.280236"
"241450.0";"2.286765"
"241460.0";"2.195369"
"241470.0";"2.184968"
"241480.0";"2.227607"
"241490.0";"2.247232"
"241500.0";"2.264711"
"241510.0";"2.259216"
"241520.0";"2.250427"
"241530.0";"2.323179"
"241540.0";"2.28176"
"241550.0";"2.317275"
"241560.0";"2.249065"
"241570.0";"2.212986"
"241580.0";"2.27416"
"241590.0";"2.206366"
"241600.0";"2.30593"
"241610.0";"2.261038"
"241620.0";"2.108024"
"241630.0";"2.079898"
"241640.0";"2.11264"
"241650.0";"2.260731"
"241660.0";"2.138006"
"241670.0";"2.130659"
"241680.0";"2.130505"
"241690.0";"2.16878"
"241700.0";"2.183004"
"241710.0";"2.075301"
"241720.0";"2.117423"
"241730.0";"2.200818"
"241740.0";"2.263259"
"241750.0";"2.242733"
"241760.0";"2.127711"
"241770.0";"2.147578"
"241780.0";"2.158461"
"241790.0";"2.162677"
"241800.0";"2.157802"
"241810.0";"2.169806"
"241820.0";"2.188186"
"241830.0";"2.102533"
"241840.0";"2.179009"
"241850.0";"2.149746"
"241860.0";"2.127859"
"241870.0";"2.168467"
"241880.0";"2.260106"
"241890.0";"2.160769"
"241900.0";"2.159509"
"241910.0";"2.110382"
"241920.0";"2.300159"
"241930.0";"2.365665"
"241940.0";"2.250701"
"241950.0";"2.23841"
"241960.0";"2.290665"
"241970.0";"2.17515"
"241980.0";"2.136524"
"241990.0";"2.157427"
"242000.0";"2.188783"
"242010.0";"2.111193"
"242020.0";"2.121935"
"242030.0";"2.188723"
"242040.0";"2.265228"
"242050.0";"2.171548"
"242060.0";"2.282043"
"242070.0";"2.241002"
"242080.0";"2.173165"
"242090.0";"2.104011"
"242100.0";"2.083254"
"242110.0";"2.094835"
"242120.0";"2.104146"
"242130.0";"2.141104"
"242140.0";"2.155404"
"242150.0";"2.213773"
"242160.0";"2.207907"
"242170.0";"2.198174"
"242180.0";"2.238303"
"242190.0";"2.150381"
"242200.0";"2.157845"
"242210.0";"2.120718"
"242220.0";"2.193621"
"242230.0";"2.088188"
"242240.0";"2.172026"
"242250.0";"2.174747"
"242260.0";"2.181993"
"242270.0";"2.10902"
"242280.0";"2.143048"
"242290.0";"2.100126"
"242300.0";"2.123807"
"242310.0";"2.17147"
"242320.0";"2.158281"
"242330.0";"2.082257"
"242340.0";"2.158993"
"242350.0";"2.163762"
"242360.0";"2.10729"
"242370.0";"2.223807"
"242380.0";"2.175524"
"242390.0";"2.085688"
"242400.0";"2.064003"
"242410.0";"2.034472"
"242420.0";"2.106847"
"242430.0";"2.132938"
"242440.0";"2.100959"
"242450.0";"2.10953"
"242460.0";"2.121162"
"242470.0";"2.106855"
"242480.0";"2.090187"
"242490.0";"2.112478"
"242500.0";"2.058788"
"242510.0";"2.084719"
"242520.0";"2.041578"
"242530.0";"2.125986"
"242540.0";"2.06246"
"242550.0";"2.088405"
"242560.0";"2.051319"
"242570.0";"2.070879"
"242580.0";"2.074512"
"242590.0";"2.12249"
"242600.0";"2.138571"
"242610.0";"2.148352"
"242620.0";"2.090868"
"242630.0";"2.143306"
"242640.0";"2.147708"
"242650.0";"2.100562"
"242660.0";"2.155992"
"242670.0";"2.001179"
"242680.0";"2.091869"
"242690.0";"1.989521"
"242700.0";"1.942436"
"242710.0";"2.067095"
"242720.0";"2.039708"
"242730.0";"2.088223"
"242740.0";"2.061669"
"242750.0";"2.051659"
"242760.0";"2.064134"
"242770.0";"2.050027"
"242780.0";"2.034563"
"242790.0";"2.068118"
"242800.0";"2.114061"
"242810.0";"2.052598"
"242820.0";"2.077116"
"242830.0";"2.066168"
"242840.0";"2.003703"
"242850.0";"2.049769"
"242860.0";"2.061634"
"242870.0";"2.025507"
"242880.0";"2.007134"
"242890.0";"2.049767"
"242900.0";"2.110041"
"242910.0";"2.121539"
"242920.0";"2.078802"
"242930.0";"2.051851"
"242940.0";"2.0629"
"242950.0";"2.079758"
"242960.0";"2.056016"
"242970.0";"2.072508"
"242980.0";"2.113783"
"242990.0";"2.072203"
"243000.0";"2.09233"
"243010.0";"2.057288"
"243020.0";"2.114513"
"243030.0";"2.083551"
"243040.0";"2.123397"
"243050.0";"2.096156"
"243060.0";"2.098513"
"243070.0";"2.080166"
"243080.0";"2.047515"
"243090.0";"2.087243"
"243100.0";"2.045775"
"243110.0";"2.132088"
"243120.0";"2.071454"
"243130.0";"2.162771"
"243140.0";"2.120548"
"243150.0";"2.19188"
"243160.0";"2.137848"
"243170.0";"2.226616"
"243180.0";"2.134673"
"243190.0";"2.210041"
"243200.0";"2.217055"
"243210.0";"2.318104"
"243220.0";"2.167896"
"243230.0";"2.110744"
"243240.0";"2.24269"
"243250.0";"2.30248"
"243260.0";"2.197815"
"243270.0";"2.140584"
"243280.0";"2.202659"
"243290.0";"2.151158"
"243300.0";"2.069974"
"243310.0";"2.020378"
"243320.0";"2.073619"
"243330.0";"2.06039"
"243340.0";"2.017585"
"243350.0";"2.030322"
"243360.0";"2.055627"
"243370.0";"2.072069"
"243380.0";"2.088897"
"243390.0";"2.156936"
"243400.0";"2.040181"
"243410.0";"2.074852"
"243420.0";"2.010802"
"243430.0";"2.056193"
"243440.0";"2.096064"
"243450.0";"2.050837"
"243460.0";"2.040551"
"243470.0";"2.044712"
"243480.0";"2.082821"
"243490.0";"2.06397"
"243500.0";"2.090213"
"243510.0";"2.074662"
"243520.0";"2.108641"
"243530.0";"2.09705"
"243540.0";"2.083637"
"243550.0";"2.184799"
"243560.0";"2.091923"
"243570.0";"2.051616"
"243580.0";"2.063617"
"243590.0";"2.087958"
"243600.0";"2.123322"
"243610.0";"2.181505"
"243620.0";"2.226943"
"243630.0";"2.187599"
"243640.0";"2.118034"
"243650.0";"2.047713"
"243660.0";"2.086242"
"243670.0";"2.249271"
"243680.0";"2.110154"
"243690.0";"2.118737"
"243700.0";"2.028838"
"243710.0";"2.038646"
"243720.0";"2.169082"
"243730.0";"2.244982"
"243740.0";"2.168746"
"243750.0";"2.257671"
"243760.0";"2.19956"
"243770.0";"2.170256"
"243780.0";"2.35819"
"243790.0";"2.264384"
"243800.0";"2.209354"
"243810.0";"2.180433"
"243820.0";"2.213179"
"243830.0";"2.267429"
"243840.0";"2.314568"
"243850.0";"2.449386"
"243860.0";"2.365478"
"243870.0";"2.188476"
"243880.0";"2.398413"
"243890.0";"2.443239"
"243900.0";"2.379973"
"243910.0";"2.478767"
"243920.0";"2.442566"
"243930.0";"2.540959"
"243940.0";"2.542861"
"243950.0";"2.410841"
"243960.0";"2.44945"
"243970.0";"2.476445"
"243980.0";"2.338069"
"243990.0";"2.271044"
"244000.0";"2.200174"
"244010.0";"2.219616"
"244020.0";"2.188681"
"244030.0";"2.210463"
"244040.0";"2.152938"
"244050.0";"2.279407"
"244060.0";"2.368479"
"244070.0";"2.3994"
"244080.0";"2.331573"
"244090.0";"2.334171"
"244100.0";"2.334823"
"244110.0";"2.327633"
"244120.0";"2.207011"
"244130.0";"2.128656"
"244140.0";"2.07002"
"244150.0";"2.13811"
"244160.0";"2.243739"
"244170.0";"2.120358"
"244180.0";"2.046862"
"244190.0";"2.064306"
"244200.0";"2.072765"
"244210.0";"2.195763"
"244220.0";"2.157192"
"244230.0";"2.171739"
"244240.0";"2.139492"
"244250.0";"2.225147"
"244260.0";"2.234374"
"244270.0";"2.169395"
"244280.0";"2.06397"
"244290.0";"2.078238"
"244300.0";"2.158432"
"244310.0";"2.173529"
"244320.0";"2.128898"
"244330.0";"2.066507"
"244340.0";"2.180021"
"244350.0";"2.167049"
"244360.0";"2.173563"
"244370.0";"2.255771"
"244380.0";"2.280164"
"244390.0";"2.158734"
"244400.0";"2.168842"
"244410.0";"2.143595"
"244420.0";"2.237005"
"244430.0";"2.263833"
"244440.0";"2.18767"
"244450.0";"2.245676"
"244460.0";"2.194772"
"244470.0";"2.233043"
"244480.0";"2.18755"
"244490.0";"2.201858"
"244500.0";"2.22986"
"244510.0";"2.057125"
"244520.0";"2.040048"
"244530.0";"2.093842"
"244540.0";"2.165173"
"244550.0";"2.07151"
"244560.0";"2.002792"
"244570.0";"2.113132"
"244580.0";"2.219783"
"244590.0";"2.111129"
"244600.0";"2.121314"
"244610.0";"2.167673"
"244620.0";"2.121039"
"244630.0";"2.159797"
"244640.0";"2.274347"
"244650.0";"2.243507"
"244660.0";"2.217934"
"244670.0";"2.107885"
"244680.0";"2.097157"
"244690.0";"2.081768"
"244700.0";"2.12526"
"244710.0";"2.041435"
"244720.0";"2.091648"
"244730.0";"2.10016"
"244740.0";"2.082421"
"244750.0";"2.091339"
"244760.0";"2.168307"
"244770.0";"2.072945"
"244780.0";"2.107658"
"244790.0";"2.102225"
"244800.0";"2.121335"
"244810.0";"2.038701"
"244820.0";"2.140161"
"244830.0";"2.105292"
"244840.0";"2.125933"
"244850.0";"2.143501"
"244860.0";"2.142576"
"244870.0";"2.11465"
"244880.0";"2.259329"
"244890.0";"2.257672"
"244900.0";"2.247012"
"244910.0";"2.180756"
"244920.0";"2.235224"
"244930.0";"2.343109"
"244940.0";"2.343319"
"244950.0";"2.418365"
"244960.0";"2.393048"
"244970.0";"2.346774"
"244980.0";"2.450919"
"244990.0";"2.419203"
"245000.0";"2.483546"
"245010.0";"2.468289"
"245020.0";"2.431342"
"245030.0";"2.51094"
"245040.0";"2.479473"
"245050.0";"2.565142"
"245060.0";"2.444954"
"245070.0";"2.394988"
"245080.0";"2.47392"
"245090.0";"2.419996"
"245100.0";"2.248652"
"245110.0";"2.243161"
"245120.0";"2.236265"
"245130.0";"2.146945"
"245140.0";"2.089382"
"245150.0";"2.11369"
"245160.0";"2.199461"
"245170.0";"2.085502"
"245180.0";"2.066982"
"245190.0";"2.070959"
"245200.0";"2.073051"
"245210.0";"2.05352"
"245220.0";"2.089207"
"245230.0";"2.061685"
"245240.0";"2.055612"
"245250.0";"2.108323"
"245260.0";"2.068718"
"245270.0";"2.073556"
"245280.0";"2.012848"
"245290.0";"2.067364"
"245300.0";"2.052512"
"245310.0";"2.096026"
"245320.0";"2.073615"
"245330.0";"2.22684"
"245340.0";"2.180742"
"245350.0";"2.166159"
"245360.0";"2.185233"
"245370.0";"2.121362"
"245380.0";"2.123925"
"245390.0";"2.21037"
"245400.0";"2.139442"
"245410.0";"2.112628"
"245420.0";"2.077749"
"245430.0";"2.078216"
"245440.0";"2.096475"
"245450.0";"2.09265"
"245460.0";"2.140852"
"245470.0";"2.073586"
"245480.0";"2.055928"
"245490.0";"2.027388"
"245500.0";"1.998325"
"245510.0";"2.032865"
"245520.0";"2.00658"
"245530.0";"2.123531"
"245540.0";"1.992446"
"245550.0";"2.121848"
"245560.0";"2.077406"
"245570.0";"2.125283"
"245580.0";"2.150517"
"245590.0";"2.097574"
"245600.0";"2.118898"
"245610.0";"2.037162"
"245620.0";"2.102696"
"245630.0";"2.182734"
"245640.0";"2.152019"
"245650.0";"2.114535"
"245660.0";"2.15665"
"245670.0";"2.227865"
"245680.0";"2.189173"
"245690.0";"2.23352"
"245700.0";"2.271282"
"245710.0";"2.25989"
"245720.0";"2.250144"
"245730.0";"2.198791"
"245740.0";"2.162266"
"245750.0";"2.090949"
"245760.0";"2.133999"
"245770.0";"2.192983"
"245780.0";"2.255643"
"245790.0";"2.229394"
"245800.0";"2.237388"
"245810.0";"2.247376"
"245820.0";"2.264071"
"245830.0";"2.252934"
"245840.0";"2.431226"
"245850.0";"2.40941"
"245860.0";"2.352719"
"245870.0";"2.172459"
"245880.0";"2.200648"
"245890.0";"2.291339"
"245900.0";"2.386253"
"245910.0";"2.347948"
"245920.0";"2.363311"
"245930.0";"2.346553"
"245940.0";"2.300244"
"245950.0";"2.363899"
"245960.0";"2.380535"
"245970.0";"2.372285"
"245980.0";"2.412907"
"245990.0";"2.358672"
"246000.0";"2.326298"
"246010.0";"2.313409"
"246020.0";"2.279128"
"246030.0";"2.369791"
"246040.0";"2.212958"
"246050.0";"2.248657"
"246060.0";"2.355294"
"246070.0";"2.173707"
"246080.0";"2.309826"
"246090.0";"2.291104"
"246100.0";"2.342101"
"246110.0";"2.201155"
"246120.0";"2.316454"
"246130.0";"2.337214"
"246140.0";"2.258736"
"246150.0";"2.333263"
"246160.0";"2.233822"
"246170.0";"2.178767"
"246180.0";"2.211496"
"246190.0";"2.200886"
"246200.0";"2.208009"
"246210.0";"2.351888"
"246220.0";"2.343498"
"246230.0";"2.25696"
"246240.0";"2.213647"
"246250.0";"2.214854"
"246260.0";"2.284521"
"246270.0";"2.28453"
"246280.0";"2.363946"
"246290.0";"2.215932"
"246300.0";"2.252664"
"246310.0";"2.162708"
"246320.0";"2.262401"
"246330.0";"2.260351"
"246340.0";"2.326724"
"246350.0";"2.27293"
"246360.0";"2.186051"
"246370.0";"2.168597"
"246380.0";"2.23854"
"246390.0";"2.228628"
"246400.0";"2.304816"
"246410.0";"2.252109"
"246420.0";"2.255434"
"246430.0";"2.232793"
"246440.0";"2.184397"
"246450.0";"2.306452"
"246460.0";"2.29865"
"246470.0";"2.19755"
"246480.0";"2.303375"
"246490.0";"2.401226"
"246500.0";"2.344377"
"246510.0";"2.300884"
"246520.0";"2.284776"
"246530.0";"2.286507"
"246540.0";"2.24252"
"246550.0";"2.215527"
"246560.0";"2.251356"
"246570.0";"2.268112"
"246580.0";"2.289827"
"246590.0";"2.258779"
"246600.0";"2.413885"
"246610.0";"2.398277"
"246620.0";"2.483378"
"246630.0";"2.519075"
"246640.0";"2.471684"
"246650.0";"2.550868"
"246660.0";"2.667138"
"246670.0";"2.69137"
"246680.0";"2.605067"
"246690.0";"2.517515"
"246700.0";"2.507522"
"246710.0";"2.50478"
"246720.0";"2.362007"
"246730.0";"2.481248"
"246740.0";"2.474363"
"246750.0";"2.470027"
"246760.0";"2.385905"
"246770.0";"2.33544"
"246780.0";"2.287516"
"246790.0";"2.483714"
"246800.0";"2.454262"
"246810.0";"2.392272"
"246820.0";"2.378198"
"246830.0";"2.348886"
"246840.0";"2.294147"
"246850.0";"2.365763"
"246860.0";"2.379446"
"246870.0";"2.366572"
"246880.0";"2.201141"
"246890.0";"2.23669"
"246900.0";"2.238803"
"246910.0";"2.254397"
"246920.0";"2.265357"
"246930.0";"2.29784"
"246940.0";"2.155883"
"246950.0";"2.233041"
"246960.0";"2.182393"
"246970.0";"2.243431"
"246980.0";"2.207335"
"246990.0";"2.209745"
"247000.0";"2.163059"
"247010.0";"2.196788"
"247020.0";"2.233909"
"247030.0";"2.234825"
"247040.0";"2.269905"
"247050.0";"2.31522"
"247060.0";"2.338346"
"247070.0";"2.194443"
"247080.0";"2.237046"
"247090.0";"2.296191"
"247100.0";"2.198009"
"247110.0";"2.322055"
"247120.0";"2.277213"
"247130.0";"2.293796"
"247140.0";"2.209857"
"247150.0";"2.335647"
"247160.0";"2.30205"
"247170.0";"2.382358"
"247180.0";"2.229985"
"247190.0";"2.236832"
"247200.0";"2.36884"
"247210.0";"2.320138"
"247220.0";"2.228237"
"247230.0";"2.241812"
"247240.0";"2.355955"
"247250.0";"2.393423"
"247260.0";"2.391721"
"247270.0";"2.294755"
"247280.0";"2.306302"
"247290.0";"2.320914"
"247300.0";"2.31978"
"247310.0";"2.298424"
"247320.0";"2.21357"
"247330.0";"2.330366"
"247340.0";"2.340526"
"247350.0";"2.245048"
"247360.0";"2.215026"
"247370.0";"2.315004"
"247380.0";"2.291589"
"247390.0";"2.323008"
"247400.0";"2.350712"
"247410.0";"2.33479"
"247420.0";"2.299336"
"247430.0";"2.326808"
"247440.0";"2.285056"
"247450.0";"2.402601"
"247460.0";"2.386109"
"247470.0";"2.54273"
"247480.0";"2.459191"
"247490.0";"2.333653"
"247500.0";"2.419205"
"247510.0";"2.405578"
"247520.0";"2.374879"
"247530.0";"2.443674"
"247540.0";"2.367485"
"247550.0";"2.370816"
"247560.0";"2.367957"
"247570.0";"2.44108"
"247580.0";"2.348846"
"247590.0";"2.323835"
"247600.0";"2.287538"
"247610.0";"2.289719"
"247620.0";"2.301688"
"247630.0";"2.344231"
"247640.0";"2.34779"
"247650.0";"2.360626"
"247660.0";"2.384826"
"247670.0";"2.340267"
"247680.0";"2.232856"
"247690.0";"2.251333"
"247700.0";"2.217179"
"247710.0";"2.217257"
"247720.0";"2.223819"
"247730.0";"2.281151"
"247740.0";"2.226541"
"247750.0";"2.218484"
"247760.0";"2.304326"
"247770.0";"2.224037"
"247780.0";"2.223612"
"247790.0";"2.247902"
"247800.0";"2.2179"
"247810.0";"2.219171"
"247820.0";"2.242255"
"247830.0";"2.24645"
"247840.0";"2.18932"
"247850.0";"2.191331"
"247860.0";"2.192731"
"247870.0";"2.221244"
"247880.0";"2.198345"
"247890.0";"2.263972"
"247900.0";"2.166524"
"247910.0";"2.202012"
"247920.0";"2.256578"
"247930.0";"2.185878"
"247940.0";"2.272801"
"247950.0";"2.302595"
"247960.0";"2.249762"
"247970.0";"2.321454"
"247980.0";"2.365342"
"247990.0";"2.267877"
"248000.0";"2.22819"
"248010.0";"2.255398"
"248020.0";"2.423315"
"248030.0";"2.31364"
"248040.0";"2.43738"
"248050.0";"2.352935"
"248060.0";"2.294145"
"248070.0";"2.395224"
"248080.0";"2.380892"
"248090.0";"2.394758"
"248100.0";"2.40355"
"248110.0";"2.36483"
"248120.0";"2.406829"
"248130.0";"2.31424"
"248140.0";"2.365418"
"248150.0";"2.406979"
"248160.0";"2.375709"
"248170.0";"2.360601"
"248180.0";"2.4005"
"248190.0";"2.354306"
"248200.0";"2.34058"
"248210.0";"2.314195"
"248220.0";"2.296788"
"248230.0";"2.374456"
"248240.0";"2.349785"
"248250.0";"2.344443"
"248260.0";"2.357019"
"248270.0";"2.377058"
"248280.0";"2.296362"
"248290.0";"2.429399"
"248300.0";"2.45165"
"248310.0";"2.44786"
"248320.0";"2.504477"
"248330.0";"2.393668"
"248340.0";"2.459979"
"248350.0";"2.527809"
"248360.0";"2.425225"
"248370.0";"2.442385"
"248380.0";"2.459025"
"248390.0";"2.418874"
"248400.0";"2.370199"
"248410.0";"2.394336"
"248420.0";"2.382021"
"248430.0";"2.320034"
"248440.0";"2.281877"
"248450.0";"2.259913"
"248460.0";"2.284818"
"248470.0";"2.328915"
"248480.0";"2.32733"
"248490.0";"2.298557"
"248500.0";"2.380994"
"248510.0";"2.341516"
"248520.0";"2.311753"
"248530.0";"2.310654"
"248540.0";"2.277078"
"248550.0";"2.327674"
"248560.0";"2.295829"
"248570.0";"2.227479"
"248580.0";"2.297957"
"248590.0";"2.250372"
"248600.0";"2.269494"
"248610.0";"2.266776"
"248620.0";"2.412591"
"248630.0";"2.201036"
"248640.0";"2.204427"
"248650.0";"2.326545"
"248660.0";"2.329147"
"248670.0";"2.454443"
"248680.0";"2.384307"
"248690.0";"2.378795"
"248700.0";"2.371148"
"248710.0";"2.323476"
"248720.0";"2.458909"
"248730.0";"2.331336"
"248740.0";"2.275847"
"248750.0";"2.314291"
"248760.0";"2.240261"
"248770.0";"2.235365"
"248780.0";"2.257136"
"248790.0";"2.306321"
"248800.0";"2.312954"
"248810.0";"2.32993"
"248820.0";"2.207221"
"248830.0";"2.252364"
"248840.0";"2.351353"
"248850.0";"2.275823"
"248860.0";"2.311913"
"248870.0";"2.264183"
"248880.0";"2.38822"
"248890.0";"2.339168"
"248900.0";"2.285058"
"248910.0";"2.295594"
"248920.0";"2.422335"
"248930.0";"2.226321"
"248940.0";"2.203465"
"248950.0";"2.200708"
"248960.0";"2.228978"
"248970.0";"2.237874"
"248980.0";"2.246609"
"248990.0";"2.289076"
"249000.0";"2.204853"
"249010.0";"2.326383"
"249020.0";"2.284684"
"249030.0";"2.337344"
"249040.0";"2.35914"
"249050.0";"2.383775"
"249060.0";"2.383433"
"249070.0";"2.380692"
"249080.0";"2.349885"
"249090.0";"2.338129"
"249100.0";"2.356482"
"249110.0";"2.394923"
"249120.0";"2.246427"
"249130.0";"2.306647"
"249140.0";"2.349768"
"249150.0";"2.281481"
"249160.0";"2.208136"
"249170.0";"2.214086"
"249180.0";"2.290303"
"249190.0";"2.216794"
"249200.0";"2.28792"
"249210.0";"2.292897"
"249220.0";"2.315964"
"249230.0";"2.267623"
"249240.0";"2.273095"
"249250.0";"2.343731"
"249260.0";"2.321353"
"249270.0";"2.352354"
"249280.0";"2.324699"
"249290.0";"2.245121"
"249300.0";"2.254569"
"249310.0";"2.331249"
"249320.0";"2.2774"
"249330.0";"2.29383"
"249340.0";"2.36067"
"249350.0";"2.293168"
"249360.0";"2.307667"
"249370.0";"2.328115"
"249380.0";"2.223476"
"249390.0";"2.351382"
"249400.0";"2.346591"
"249410.0";"2.263854"
"249420.0";"2.36674"
"249430.0";"2.327385"
"249440.0";"2.2543"
"249450.0";"2.40407"
"249460.0";"2.297678"
"249470.0";"2.325294"
"249480.0";"2.260188"
"249490.0";"2.216851"
"249500.0";"2.237457"
"249510.0";"2.255259"
"249520.0";"2.241218"
"249530.0";"2.225679"
"249540.0";"2.31227"
"249550.0";"2.222066"
"249560.0";"2.264655"
"249570.0";"2.209346"
"249580.0";"2.165003"
"249590.0";"2.30592"
"249600.0";"2.29657"
"249610.0";"2.221888"
"249620.0";"2.36242"
"249630.0";"2.367836"
"249640.0";"2.302346"
"249650.0";"2.312107"
"249660.0";"2.270945"
"249670.0";"2.345835"
"249680.0";"2.294876"
"249690.0";"2.296865"
"249700.0";"2.295945"
"249710.0";"2.374443"
"249720.0";"2.304282"
"249730.0";"2.238579"
"249740.0";"2.260249"
"249750.0";"2.279377"
"249760.0";"2.33895"
"249770.0";"2.359474"
"249780.0";"2.30956"
"249790.0";"2.293966"
"249800.0";"2.27853"
"249810.0";"2.240919"
"249820.0";"2.293982"
"249830.0";"2.316286"
"249840.0";"2.242116"
"249850.0";"2.306995"
"249860.0";"2.308957"
"249870.0";"2.283803"
"249880.0";"2.250334"
"249890.0";"2.203328"
"249900.0";"2.282115"
"249910.0";"2.302782"
"249920.0";"2.283039"
"249930.0";"2.338751"
"249940.0";"2.242542"
"249950.0";"2.141722"
"249960.0";"2.118276"
"249970.0";"2.239501"
"249980.0";"2.220639"
"249990.0";"2.197851"
"250000.0";"2.388767"
"250010.0";"2.341888"
"250020.0";"2.407748"
"250030.0";"2.403272"
"250040.0";"2.352051"
"250050.0";"2.394775"
"250060.0";"2.311711"
"250070.0";"2.368505"
"250080.0";"2.431673"
"250090.0";"2.469961"
"250100.0";"2.419234"
"250110.0";"2.374453"
"250120.0";"2.385417"
"250130.0";"2.290564"
"250140.0";"2.303285"
"250150.0";"2.297262"
"250160.0";"2.513219"
"250170.0";"2.327909"
"250180.0";"2.320462"
"250190.0";"2.297926"
"250200.0";"2.321507"
"250210.0";"2.290915"
"250220.0";"2.32436"
"250230.0";"2.2823"
"250240.0";"2.332642"
"250250.0";"2.311492"
"250260.0";"2.290467"
"250270.0";"2.323099"
"250280.0";"2.257035"
"250290.0";"2.308424"
"250300.0";"2.237465"
"250310.0";"2.288232"
"250320.0";"2.293417"
"250330.0";"2.320157"
"250340.0";"2.314567"
"250350.0";"2.286345"
"250360.0";"2.281892"
"250370.0";"2.31125"
"250380.0";"2.222788"
"250390.0";"2.289632"
"250400.0";"2.223762"
"250410.0";"2.313933"
"250420.0";"2.247015"
"250430.0";"2.163665"
"250440.0";"2.302374"
"250450.0";"2.291213"
"250460.0";"2.310517"
"250470.0";"2.324655"
"250480.0";"2.284441"
"250490.0";"2.27493"
"250500.0";"2.2765"
"250510.0";"2.293038"
"250520.0";"2.308315"
"250530.0";"2.256644"
"250540.0";"2.247881"
"250550.0";"2.270348"
"250560.0";"2.354682"
"250570.0";"2.30856"
"250580.0";"2.332163"
"250590.0";"2.285456"
"250600.0";"2.349143"
"250610.0";"2.253451"
"250620.0";"2.304329"
"250630.0";"2.266469"
"250640.0";"2.292879"
"250650.0";"2.190964"
"250660.0";"2.222353"
"250670.0";"2.247387"
"250680.0";"2.181521"
"250690.0";"2.354854"
"250700.0";"2.299281"
"250710.0";"2.248563"
"250720.0";"2.273309"
"250730.0";"2.218466"
"250740.0";"2.260395"
"250750.0";"2.31172"
"250760.0";"2.351776"
"250770.0";"2.252186"
"250780.0";"2.325534"
"250790.0";"2.285385"
"250800.0";"2.422303"
"250810.0";"2.287018"
"250820.0";"2.281497"
"250830.0";"2.307974"
"250840.0";"2.230016"
"250850.0";"2.237135"
"250860.0";"2.219142"
"250870.0";"2.242511"
"250880.0";"2.263301"
"250890.0";"2.248966"
"250900.0";"2.250846"
"250910.0";"2.271731"
"250920.0";"2.319099"
"250930.0";"2.266829"
"250940.0";"2.304341"
"250950.0";"2.212103"
"250960.0";"2.301339"
"250970.0";"2.299161"
"250980.0";"2.291809"
"250990.0";"2.269141"
"251000.0";"2.226749"
"251010.0";"2.276498"
"251020.0";"2.203891"
"251030.0";"2.327845"
"251040.0";"2.27723"
"251050.0";"2.283611"
"251060.0";"2.30375"
"251070.0";"2.353641"
"251080.0";"2.254347"
"251090.0";"2.279071"
"251100.0";"2.294653"
"251110.0";"2.305113"
"251120.0";"2.16864"
"251130.0";"2.172448"
"251140.0";"2.152842"
"251150.0";"2.189306"
"251160.0";"2.302816"
"251170.0";"2.199946"
"251180.0";"2.231432"
"251190.0";"2.366088"
"251200.0";"2.303992"
"251210.0";"2.29343"
"251220.0";"2.375541"
"251230.0";"2.306176"
"251240.0";"2.416313"
"251250.0";"2.282477"
"251260.0";"2.283961"
"251270.0";"2.27448"
"251280.0";"2.317656"
"251290.0";"2.302852"
"251300.0";"2.28371"
"251310.0";"2.263244"
"251320.0";"2.256953"
"251330.0";"2.256582"
"251340.0";"2.234638"
"251350.0";"2.231366"
"251360.0";"2.19787"
"251370.0";"2.170639"
"251380.0";"2.173599"
"251390.0";"2.106114"
"251400.0";"2.209103"
"251410.0";"2.187349"
"251420.0";"2.168541"
"251430.0";"2.240978"
"251440.0";"2.248405"
"251450.0";"2.250922"
"251460.0";"2.13347"
"251470.0";"2.20208"
"251480.0";"2.227274"
"251490.0";"2.212968"
"251500.0";"2.237184"
"251510.0";"2.219051"
"251520.0";"2.243567"
"251530.0";"2.211473"
"251540.0";"2.278818"
"251550.0";"2.242239"
"251560.0";"2.257295"
"251570.0";"2.18928"
"251580.0";"2.282028"
"251590.0";"2.208653"
"251600.0";"2.271412"
"251610.0";"2.238223"
"251620.0";"2.324652"
"251630.0";"2.316484"
"251640.0";"2.304244"
"251650.0";"2.235223"
"251660.0";"2.263861"
"251670.0";"2.245991"
"251680.0";"2.21266"
"251690.0";"2.184012"
"251700.0";"2.167223"
"251710.0";"2.229254"
"251720.0";"2.167368"
"251730.0";"2.291486"
"251740.0";"2.266992"
"251750.0";"2.26798"
"251760.0";"2.255541"
"251770.0";"2.242625"
"251780.0";"2.205696"
"251790.0";"2.280994"
"251800.0";"2.262009"
"251810.0";"2.268055"
"251820.0";"2.31272"
"251830.0";"2.317122"
"251840.0";"2.199136"
"251850.0";"2.261135"
"251860.0";"2.285403"
"251870.0";"2.280773"
"251880.0";"2.277793"
"251890.0";"2.298161"
"251900.0";"2.362198"
"251910.0";"2.333501"
"251920.0";"2.403124"
"251930.0";"2.349552"
"251940.0";"2.280338"
"251950.0";"2.299727"
"251960.0";"2.275035"
"251970.0";"2.245094"
"251980.0";"2.298448"
"251990.0";"2.270426"
"252000.0";"2.258888"
"252010.0";"2.265903"
"252020.0";"2.313222"
"252030.0";"2.284399"
"252040.0";"2.33353"
"252050.0";"2.359652"
"252060.0";"2.342448"
"252070.0";"2.294486"
"252080.0";"2.263354"
"252090.0";"2.29929"
"252100.0";"2.254631"
"252110.0";"2.26999"
"252120.0";"2.296022"
"252130.0";"2.351601"
"252140.0";"2.379578"
"252150.0";"2.266687"
"252160.0";"2.248445"
"252170.0";"2.231747"
"252180.0";"2.311789"
"252190.0";"2.23964"
"252200.0";"2.255339"
"252210.0";"2.192345"
"252220.0";"2.172108"
"252230.0";"2.241564"
"252240.0";"2.330733"
"252250.0";"2.311867"
"252260.0";"2.313529"
"252270.0";"2.345023"
"252280.0";"2.341279"
"252290.0";"2.175382"
"252300.0";"2.230422"
"252310.0";"2.295555"
"252320.0";"2.253699"
"252330.0";"2.241989"
"252340.0";"2.315448"
"252350.0";"2.224967"
"252360.0";"2.249843"
"252370.0";"2.328947"
"252380.0";"2.220756"
"252390.0";"2.285298"
"252400.0";"2.304055"
"252410.0";"2.405393"
"252420.0";"2.46375"
"252430.0";"2.365483"
"252440.0";"2.358433"
"252450.0";"2.246093"
"252460.0";"2.296439"
"252470.0";"2.279757"
"252480.0";"2.35677"
"252490.0";"2.274897"
"252500.0";"2.28026"
"252510.0";"2.287243"
"252520.0";"2.312766"
"252530.0";"2.346643"
"252540.0";"2.273643"
"252550.0";"2.235032"
"252560.0";"2.16187"
"252570.0";"2.282212"
"252580.0";"2.322386"
"252590.0";"2.266851"
"252600.0";"2.271847"
"252610.0";"2.211654"
"252620.0";"2.330519"
"252630.0";"2.198278"
"252640.0";"2.175029"
"252650.0";"2.211923"
"252660.0";"2.388554"
"252670.0";"2.195508"
"252680.0";"2.15501"
"252690.0";"2.251497"
"252700.0";"2.201116"
"252710.0";"2.196611"
"252720.0";"2.166277"
"252730.0";"2.250277"
"252740.0";"2.299869"
"252750.0";"2.30086"
"252760.0";"2.316622"
"252770.0";"2.346465"
"252780.0";"2.300474"
"252790.0";"2.346635"
"252800.0";"2.305065"
"252810.0";"2.247569"
"252820.0";"2.251318"
"252830.0";"2.253809"
"252840.0";"2.227273"
"252850.0";"2.208788"
"252860.0";"2.191099"
"252870.0";"2.193262"
"252880.0";"2.214526"
"252890.0";"2.262513"
"252900.0";"2.254061"
"252910.0";"2.225561"
"252920.0";"2.20516"
"252930.0";"2.2757"
"252940.0";"2.242012"
"252950.0";"2.271817"
"252960.0";"2.303082"
"252970.0";"2.28323"
"252980.0";"2.319173"
"252990.0";"2.177146"
"253000.0";"2.206678"
"253010.0";"2.286179"
"253020.0";"2.304502"
"253030.0";"2.247097"
"253040.0";"2.316214"
"253050.0";"2.223178"
"253060.0";"2.229221"
"253070.0";"2.161127"
"253080.0";"2.216892"
"253090.0";"2.23936"
"253100.0";"2.247477"
"253110.0";"2.264319"
"253120.0";"2.245105"
"253130.0";"2.210584"
"253140.0";"2.349704"
"253150.0";"2.220756"
"253160.0";"2.336399"
"253170.0";"2.361211"
"253180.0";"2.244641"
"253190.0";"2.280903"
"253200.0";"2.311099"
"253210.0";"2.264866"
"253220.0";"2.323259"
"253230.0";"2.222108"
"253240.0";"2.284428"
"253250.0";"2.275149"
"253260.0";"2.269505"
"253270.0";"2.259527"
"253280.0";"2.244226"
"253290.0";"2.214511"
"253300.0";"2.179113"
"253310.0";"2.335422"
"253320.0";"2.298892"
"253330.0";"2.235343"
"253340.0";"2.25602"
"253350.0";"2.222627"
"253360.0";"2.286178"
"253370.0";"2.189484"
"253380.0";"2.21087"
"253390.0";"2.407674"
"253400.0";"2.316021"
"253410.0";"2.260452"
"253420.0";"2.299272"
"253430.0";"2.243415"
"253440.0";"2.184252"
"253450.0";"2.29303"
"253460.0";"2.231155"
"253470.0";"2.178224"
"253480.0";"2.201769"
"253490.0";"2.224484"
"253500.0";"2.184022"
"253510.0";"2.23754"
"253520.0";"2.186604"
"253530.0";"2.22971"
"253540.0";"2.382828"
"253550.0";"2.278029"
"253560.0";"2.258154"
"253570.0";"2.388904"
"253580.0";"2.301221"
"253590.0";"2.291465"
"253600.0";"2.272039"
"253610.0";"2.279491"
"253620.0";"2.271667"
"253630.0";"2.244228"
"253640.0";"2.278597"
"253650.0";"2.258931"
"253660.0";"2.308445"
"253670.0";"2.323237"
"253680.0";"2.433306"
"253690.0";"2.343318"
"253700.0";"2.357302"
"253710.0";"2.299401"
"253720.0";"2.295081"
"253730.0";"2.412898"
"253740.0";"2.337564"
"253750.0";"2.387254"
"253760.0";"2.308077"
"253770.0";"2.371347"
"253780.0";"2.365014"
"253790.0";"2.351931"
"253800.0";"2.39936"
"253810.0";"2.408911"
"253820.0";"2.31619"
"253830.0";"2.382447"
"253840.0";"2.38079"
"253850.0";"2.322812"
"253860.0";"2.334273"
"253870.0";"2.252312"
"253880.0";"2.373715"
"253890.0";"2.329592"
"253900.0";"2.390559"
"253910.0";"2.399103"
"253920.0";"2.382001"
"253930.0";"2.380731"
"253940.0";"2.436376"
"253950.0";"2.37879"
"253960.0";"2.398272"
"253970.0";"2.2659"
"253980.0";"2.320928"
"253990.0";"2.377342"
"254000.0";"2.333711"
"254010.0";"2.394574"
"254020.0";"2.325546"
"254030.0";"2.298007"
"254040.0";"2.239209"
"254050.0";"2.3071"
"254060.0";"2.359436"
"254070.0";"2.344366"
"254080.0";"2.368825"
"254090.0";"2.380284"
"254100.0";"2.42109"
"254110.0";"2.394895"
"254120.0";"2.391584"
"254130.0";"2.347081"
"254140.0";"2.367244"
"254150.0";"2.327043"
"254160.0";"2.261166"
"254170.0";"2.360735"
"254180.0";"2.336062"
"254190.0";"2.267915"
"254200.0";"2.23545"
"254210.0";"2.255749"
"254220.0";"2.300919"
"254230.0";"2.376193"
"254240.0";"2.27892"
"254250.0";"2.334308"
"254260.0";"2.28353"
"254270.0";"2.235924"
"254280.0";"2.357244"
"254290.0";"2.469354"
"254300.0";"2.390573"
"254310.0";"2.251205"
"254320.0";"2.258404"
"254330.0";"2.301458"
"254340.0";"2.313511"
"254350.0";"2.171084"
"254360.0";"2.272288"
"254370.0";"2.216069"
"254380.0";"2.338759"
"254390.0";"2.260707"
"254400.0";"2.242765"
"254410.0";"2.209291"
"254420.0";"2.274342"
"254430.0";"2.26439"
"254440.0";"2.280438"
"254450.0";"2.311741"
"254460.0";"2.286637"
"254470.0";"2.255341"
"254480.0";"2.301911"
"254490.0";"2.284446"
"254500.0";"2.2306"
"254510.0";"2.21891"
"254520.0";"2.268461"
"254530.0";"2.335284"
"254540.0";"2.300576"
"254550.0";"2.29912"
"254560.0";"2.368652"
"254570.0";"2.294145"
"254580.0";"2.297967"
"254590.0";"2.264069"
"254600.0";"2.161292"
"254610.0";"2.227316"
"254620.0";"2.23262"
"254630.0";"2.294538"
"254640.0";"2.362525"
"254650.0";"2.320329"
"254660.0";"2.269979"
"254670.0";"2.37547"
"254680.0";"2.283328"
"254690.0";"2.243462"
"254700.0";"2.249244"
"254710.0";"2.308329"
"254720.0";"2.243132"
"254730.0";"2.218162"
"254740.0";"2.276752"
"254750.0";"2.30901"
"254760.0";"2.3002"
"254770.0";"2.285556"
"254780.0";"2.272171"
"254790.0";"2.281418"
"254800.0";"2.30784"
"254810.0";"2.334494"
"254820.0";"2.29672"
"254830.0";"2.300406"
"254840.0";"2.331826"
"254850.0";"2.296199"
"254860.0";"2.318633"
"254870.0";"2.256655"
"254880.0";"2.222703"
"254890.0";"2.301184"
"254900.0";"2.342375"
"254910.0";"2.365187"
"254920.0";"2.3695"
"254930.0";"2.348345"
"254940.0";"2.332211"
"254950.0";"2.44493"
"254960.0";"2.409244"
"254970.0";"2.405712"
"254980.0";"2.26057"
"254990.0";"2.295368"
"255000.0";"2.339738"
"255010.0";"2.217739"
"255020.0";"2.240058"
"255030.0";"2.306196"
"255040.0";"2.267197"
"255050.0";"2.245344"
"255060.0";"2.259939"
"255070.0";"2.176222"
"255080.0";"2.261576"
"255090.0";"2.313972"
"255100.0";"2.236108"
"255110.0";"2.161775"
"255120.0";"2.249227"
"255130.0";"2.267155"
"255140.0";"2.300476"
"255150.0";"2.192867"
"255160.0";"2.216781"
"255170.0";"2.265293"
"255180.0";"2.390467"
"255190.0";"2.348407"
"255200.0";"2.291747"
"255210.0";"2.40947"
"255220.0";"2.382858"
"255230.0";"2.375853"
"255240.0";"2.279852"
"255250.0";"2.328912"
"255260.0";"2.321277"
"255270.0";"2.339989"
"255280.0";"2.404634"
"255290.0";"2.383168"
"255300.0";"2.196912"
"255310.0";"2.214908"
"255320.0";"2.23187"
"255330.0";"2.286572"
"255340.0";"2.186794"
"255350.0";"2.265838"
"255360.0";"2.342748"
"255370.0";"2.277173"
"255380.0";"2.301067"
"255390.0";"2.335433"
"255400.0";"2.334083"
"255410.0";"2.343608"
"255420.0";"2.321104"
"255430.0";"2.362392"
"255440.0";"2.198514"
"255450.0";"2.284213"
"255460.0";"2.223518"
"255470.0";"2.255774"
"255480.0";"2.301739"
"255490.0";"2.489273"
"255500.0";"2.361675"
"255510.0";"2.216122"
"255520.0";"2.259576"
"255530.0";"2.198633"
"255540.0";"2.25455"
"255550.0";"2.374051"
"255560.0";"2.36874"
"255570.0";"2.324005"
"255580.0";"2.307079"
"255590.0";"2.291308"
"255600.0";"2.386434"
"255610.0";"2.257374"
"255620.0";"2.193303"
"255630.0";"2.214588"
"255640.0";"2.22204"
"255650.0";"2.247552"
"255660.0";"2.216877"
"255670.0";"2.254773"
"255680.0";"2.26731"
"255690.0";"2.299833"
"255700.0";"2.357531"
"255710.0";"2.296913"
"255720.0";"2.378378"
"255730.0";"2.283714"
"255740.0";"2.417984"
"255750.0";"2.358307"
"255760.0";"2.238601"
"255770.0";"2.283496"
"255780.0";"2.279176"
"255790.0";"2.251206"
"255800.0";"2.303761"
"255810.0";"2.23433"
"255820.0";"2.242158"
"255830.0";"2.283983"
"255840.0";"2.25864"
"255850.0";"2.240048"
"255860.0";"2.260149"
"255870.0";"2.217506"
"255880.0";"2.232639"
"255890.0";"2.280667"
"255900.0";"2.216233"
"255910.0";"2.23741"
"255920.0";"2.233786"
"255930.0";"2.260759"
"255940.0";"2.226097"
"255950.0";"2.202684"
"255960.0";"2.250636"
"255970.0";"2.183621"
"255980.0";"2.245817"
"255990.0";"2.214642"
"256000.0";"2.264823"
"256010.0";"2.236387"
"256020.0";"2.255396"
"256030.0";"2.218902"
"256040.0";"2.201726"
"256050.0";"2.201874"
"256060.0";"2.341829"
"256070.0";"2.353411"
"256080.0";"2.31393"
"256090.0";"2.280514"
"256100.0";"2.254116"
"256110.0";"2.296842"
"256120.0";"2.285421"
"256130.0";"2.332307"
"256140.0";"2.358327"
"256150.0";"2.324066"
"256160.0";"2.315405"
"256170.0";"2.333103"
"256180.0";"2.415373"
"256190.0";"2.332627"
"256200.0";"2.372381"
"256210.0";"2.372869"
"256220.0";"2.318906"
"256230.0";"2.397017"
"256240.0";"2.45005"
"256250.0";"2.426524"
"256260.0";"2.397828"
"256270.0";"2.344771"
"256280.0";"2.320851"
"256290.0";"2.436678"
"256300.0";"2.380506"
"256310.0";"2.364989"
"256320.0";"2.358572"
"256330.0";"2.285708"
"256340.0";"2.238128"
"256350.0";"2.435055"
"256360.0";"2.414292"
"256370.0";"2.406976"
"256380.0";"2.429136"
"256390.0";"2.420453"
"256400.0";"2.487468"
"256410.0";"2.599737"
"256420.0";"2.531437"
"256430.0";"2.569402"
"256440.0";"2.59538"
"256450.0";"2.63502"
"256460.0";"2.713215"
"256470.0";"2.528643"
"256480.0";"2.62526"
"256490.0";"2.541859"
"256500.0";"2.666962"
"256510.0";"2.636571"
"256520.0";"2.618821"
"256530.0";"2.584473"
"256540.0";"2.581741"
"256550.0";"2.551543"
"256560.0";"2.550496"
"256570.0";"2.621776"
"256580.0";"2.682148"
"256590.0";"2.809792"
"256600.0";"2.812918"
"256610.0";"2.820453"
"256620.0";"2.925081"
"256630.0";"2.658028"
"256640.0";"2.78155"
"256650.0";"2.876395"
"256660.0";"2.795795"
"256670.0";"2.740051"
"256680.0";"2.99939"
"256690.0";"2.925621"
"256700.0";"2.907283"
"256710.0";"2.8398"
"256720.0";"2.768669"
"256730.0";"2.833405"
"256740.0";"2.786881"
"256750.0";"2.925929"
"256760.0";"2.871867"
"256770.0";"2.933121"
"256780.0";"2.758962"
"256790.0";"2.561381"
"256800.0";"2.490417"
"256810.0";"2.580402"
"256820.0";"2.526946"
"256830.0";"2.412946"
"256840.0";"2.465786"
"256850.0";"2.479737"
"256860.0";"2.549759"
"256870.0";"2.525916"
"256880.0";"2.556678"
"256890.0";"2.411333"
"256900.0";"2.467557"
"256910.0";"2.41737"
"256920.0";"2.624771"
"256930.0";"2.577363"
"256940.0";"2.450777"
"256950.0";"2.601697"
"256960.0";"2.604284"
"256970.0";"2.546013"
"256980.0";"2.635766"
"256990.0";"2.67259"
"257000.0";"2.571823"
"257010.0";"2.528044"
"257020.0";"2.529334"
"257030.0";"2.585451"
"257040.0";"2.590641"
"257050.0";"2.595972"
"257060.0";"2.651674"
"257070.0";"2.532748"
"257080.0";"2.556263"
"257090.0";"2.503266"
"257100.0";"2.494133"
"257110.0";"2.664259"
"257120.0";"2.605248"
"257130.0";"2.60968"
"257140.0";"2.522152"
"257150.0";"2.566533"
"257160.0";"2.604269"
"257170.0";"2.542414"
"257180.0";"2.557964"
"257190.0";"2.500411"
"257200.0";"2.56913"
"257210.0";"2.538519"
"257220.0";"2.562851"
"257230.0";"2.503413"
"257240.0";"2.607565"
"257250.0";"2.635446"
"257260.0";"2.600486"
"257270.0";"2.632668"
"257280.0";"2.550491"
"257290.0";"2.586404"
"257300.0";"2.507046"
"257310.0";"2.61516"
"257320.0";"2.632718"
"257330.0";"2.647157"
"257340.0";"2.666682"
"257350.0";"2.576214"
"257360.0";"2.607268"
"257370.0";"2.541458"
"257380.0";"2.602494"
"257390.0";"2.642404"
"257400.0";"2.534642"
"257410.0";"2.557977"
"257420.0";"2.512324"
"257430.0";"2.598998"
"257440.0";"2.603584"
"257450.0";"2.74291"
"257460.0";"2.57669"
"257470.0";"2.621217"
"257480.0";"2.599068"
"257490.0";"2.547539"
"257500.0";"2.513237"
"257510.0";"2.600583"
"257520.0";"2.643523"
"257530.0";"2.488242"
"257540.0";"2.606617"
"257550.0";"2.568993"
"257560.0";"2.660914"
"257570.0";"2.671058"
"257580.0";"2.533771"
"257590.0";"2.609507"
"257600.0";"2.539616"
"257610.0";"2.522961"
"257620.0";"2.549183"
"257630.0";"2.55799"
"257640.0";"2.638697"
"257650.0";"2.523409"
"257660.0";"2.620807"
"257670.0";"2.618785"
"257680.0";"2.571165"
"257690.0";"2.527855"
"257700.0";"2.457908"
"257710.0";"2.413428"
"257720.0";"2.379728"
"257730.0";"2.504287"
"257740.0";"2.501378"
"257750.0";"2.527982"
"257760.0";"2.531831"
"257770.0";"2.563907"
"257780.0";"2.666145"
"257790.0";"2.574312"
"257800.0";"2.662074"
"257810.0";"2.520013"
"257820.0";"2.645865"
"257830.0";"2.631578"
"257840.0";"2.713164"
"257850.0";"2.716579"
"257860.0";"2.580661"
"257870.0";"2.575416"
"257880.0";"2.482801"
"257890.0";"2.660043"
"257900.0";"2.713772"
"257910.0";"2.673778"
"257920.0";"2.745597"
"257930.0";"2.713129"
"257940.0";"2.624216"
"257950.0";"2.665926"
"257960.0";"2.727551"
"257970.0";"2.543565"
"257980.0";"2.538451"
"257990.0";"2.518419"
"258000.0";"2.502065"
"258010.0";"2.460706"
"258020.0";"2.509858"
"258030.0";"2.604354"
"258040.0";"2.559827"
"258050.0";"2.655248"
"258060.0";"2.613729"
"258070.0";"2.515021"
"258080.0";"2.598291"
"258090.0";"2.552271"
"258100.0";"2.580297"
"258110.0";"2.427923"
"258120.0";"2.524202"
"258130.0";"2.625057"
"258140.0";"2.573376"
"258150.0";"2.574414"
"258160.0";"2.476719"
"258170.0";"2.514819"
"258180.0";"2.590479"
"258190.0";"2.656422"
"258200.0";"2.657878"
"258210.0";"2.742081"
"258220.0";"2.819628"
"258230.0";"2.650349"
"258240.0";"2.70166"
"258250.0";"2.68452"
"258260.0";"2.616683"
"258270.0";"2.803065"
"258280.0";"2.852392"
"258290.0";"2.904958"
"258300.0";"2.774819"
"258310.0";"2.721561"
"258320.0";"2.563937"
"258330.0";"2.660963"
"258340.0";"2.631567"
"258350.0";"2.745064"
"258360.0";"2.813179"
"258370.0";"2.7688"
"258380.0";"2.722913"
"258390.0";"2.831531"
"258400.0";"2.959632"
"258410.0";"2.918798"
"258420.0";"2.908479"
"258430.0";"2.886151"
"258440.0";"2.843076"
"258450.0";"2.877585"
"258460.0";"2.685667"
"258470.0";"2.869943"
"258480.0";"2.909591"
"258490.0";"2.952534"
"258500.0";"3.093382"
"258510.0";"2.989664"
"258520.0";"3.029899"
"258530.0";"2.976193"
"258540.0";"3.104247"
"258550.0";"3.039772"
"258560.0";"2.98722"
"258570.0";"3.023973"
"258580.0";"3.099289"
"258590.0";"2.948072"
"258600.0";"2.986539"
"258610.0";"2.927207"
"258620.0";"3.042062"
"258630.0";"3.004395"
"258640.0";"3.018629"
"258650.0";"3.047108"
"258660.0";"3.047373"
"258670.0";"2.995913"
"258680.0";"3.016146"
"258690.0";"2.975748"
"258700.0";"3.070694"
"258710.0";"3.075365"
"258720.0";"3.017216"
"258730.0";"2.942275"
"258740.0";"3.035086"
"258750.0";"3.022469"
"258760.0";"2.921934"
"258770.0";"2.837771"
"258780.0";"3.061712"
"258790.0";"3.108423"
"258800.0";"3.116484"
"258810.0";"3.178662"
"258820.0";"3.204344"
"258830.0";"3.221185"
"258840.0";"3.338517"
"258850.0";"3.317015"
"258860.0";"3.120959"
"258870.0";"3.158861"
"258880.0";"3.085972"
"258890.0";"3.252535"
"258900.0";"3.288708"
"258910.0";"3.277404"
"258920.0";"3.274079"
"258930.0";"3.366151"
"258940.0";"3.346234"
"258950.0";"3.203266"
"258960.0";"3.323246"
"258970.0";"3.255355"
"258980.0";"3.245234"
"258990.0";"3.247675"
"259000.0";"3.311134"
"259010.0";"3.275356"
"259020.0";"3.317436"
"259030.0";"3.345906"
"259040.0";"3.213694"
"259050.0";"3.176069"
"259060.0";"3.153063"
"259070.0";"3.284815"
"259080.0";"3.29815"
"259090.0";"3.311804"
"259100.0";"3.261904"
"259110.0";"3.152904"
"259120.0";"3.202181"
"259130.0";"3.275228"
"259140.0";"3.226071"
"259150.0";"3.167039"
"259160.0";"3.161966"
"259170.0";"3.110394"
"259180.0";"3.102198"
"259190.0";"3.097162"
"259200.0";"3.087669"
"259210.0";"3.168503"
"259220.0";"3.163553"
"259230.0";"3.26118"
"259240.0";"3.169286"
"259250.0";"3.160192"
"259260.0";"3.140059"
"259270.0";"3.107806"
"259280.0";"3.224955"
"259290.0";"3.233373"
"259300.0";"3.13492"
"259310.0";"3.361099"
"259320.0";"3.293452"
"259330.0";"3.290202"
"259340.0";"3.267365"
"259350.0";"3.265374"
"259360.0";"3.123773"
"259370.0";"3.265009"
"259380.0";"3.322328"
"259390.0";"3.221303"
"259400.0";"3.290841"
"259410.0";"3.239363"
"259420.0";"3.236986"
"259430.0";"3.089157"
"259440.0";"3.042018"
"259450.0";"3.088228"
"259460.0";"3.065761"
"259470.0";"2.912076"
"259480.0";"2.91495"
"259490.0";"2.967854"
"259500.0";"2.871117"
"259510.0";"2.911926"
"259520.0";"2.895203"
"259530.0";"3.095263"
"259540.0";"3.08216"
"259550.0";"3.069816"
"259560.0";"3.004709"
"259570.0";"2.967901"
"259580.0";"3.006889"
"259590.0";"3.022625"
"259600.0";"2.923559"
"259610.0";"2.867215"
"259620.0";"2.997962"
"259630.0";"2.927178"
"259640.0";"2.952851"
"259650.0";"3.00428"
"259660.0";"2.866707"
"259670.0";"2.818257"
"259680.0";"2.960505"
"259690.0";"3.086024"
"259700.0";"3.128656"
"259710.0";"3.126284"
"259720.0";"3.029356"
"259730.0";"2.928199"
"259740.0";"2.921428"
"259750.0";"2.964497"
"259760.0";"2.857584"
"259770.0";"2.989655"
"259780.0";"3.111042"
"259790.0";"3.081874"
"259800.0";"3.049118"
"259810.0";"3.026631"
"259820.0";"3.020746"
"259830.0";"2.981799"
"259840.0";"3.047674"
"259850.0";"2.893129"
"259860.0";"3.088897"
"259870.0";"3.096847"
"259880.0";"3.083886"
"259890.0";"3.117311"
"259900.0";"3.266354"
"259910.0";"3.23777"
"259920.0";"3.208724"
"259930.0";"3.151201"
"259940.0";"3.213958"
"259950.0";"3.085293"
"259960.0";"3.139681"
"259970.0";"3.207532"
"259980.0";"3.257779"
"259990.0";"3.212021"
"260000.0";"3.204067"
"260010.0";"3.188904"
"260020.0";"3.207623"
"260030.0";"3.129208"
"260040.0";"3.082544"
"260050.0";"3.104666"
"260060.0";"3.066824"
"260070.0";"3.077441"
"260080.0";"3.043572"
"260090.0";"3.117424"
"260100.0";"3.173074"
"260110.0";"3.150057"
"260120.0";"3.229183"
"260130.0";"3.163006"
"260140.0";"3.106923"
"260150.0";"3.219626"
"260160.0";"3.213929"
"260170.0";"3.131177"
"260180.0";"3.162958"
"260190.0";"3.088716"
"260200.0";"3.152419"
"260210.0";"3.135975"
"260220.0";"3.113864"
"260230.0";"3.129599"
"260240.0";"3.201473"
"260250.0";"3.094744"
"260260.0";"3.09088"
"260270.0";"3.139046"
"260280.0";"3.115859"
"260290.0";"3.167247"
"260300.0";"3.231049"
"260310.0";"3.21362"
"260320.0";"3.185917"
"260330.0";"3.214199"
"260340.0";"3.119873"
"260350.0";"3.12412"
"260360.0";"2.998374"
"260370.0";"3.025822"
"260380.0";"2.982458"
"260390.0";"3.048442"
"260400.0";"3.098544"
"260410.0";"3.213718"
"260420.0";"3.066114"
"260430.0";"3.105731"
"260440.0";"3.205027"
"260450.0";"3.262525"
"260460.0";"3.211114"
"260470.0";"3.039746"
"260480.0";"3.086555"
"260490.0";"3.151255"
"260500.0";"3.10365"
"260510.0";"2.99081"
"260520.0";"2.873413"
"260530.0";"2.846592"
"260540.0";"2.82589"
"260550.0";"2.747417"
"260560.0";"2.839683"
"260570.0";"2.991635"
"260580.0";"3.113747"
"260590.0";"2.81381"
"260600.0";"2.852971"
"260610.0";"2.975778"
"260620.0";"2.875654"
"260630.0";"3.017252"
"260640.0";"2.62025"
"260650.0";"2.709575"
"260660.0";"2.680677"
"260670.0";"2.736229"
"260680.0";"3.011896"
"260690.0";"2.991485"
"260700.0";"3.002941"
"260710.0";"3.106891"
"260720.0";"2.951696"
"260730.0";"2.990065"
"260740.0";"2.95231"
"260750.0";"2.947083"
"260760.0";"2.85066"
"260770.0";"2.992516"
"260780.0";"2.941139"
"260790.0";"3.03398"
"260800.0";"3.111485"
"260810.0";"3.042426"
"260820.0";"2.899082"
"260830.0";"2.915175"
"260840.0";"2.917443"
"260850.0";"2.849581"
"260860.0";"2.82947"
"260870.0";"2.677805"
"260880.0";"2.802606"
"260890.0";"2.860454"
"260900.0";"2.911012"
"260910.0";"2.947309"
"260920.0";"2.98166"
"260930.0";"2.977243"
"260940.0";"3.048551"
"260950.0";"3.057246"
"260960.0";"3.013083"
"260970.0";"2.988741"
"260980.0";"2.927098"
"260990.0";"2.912921"
"261000.0";"2.863312"
"261010.0";"2.760632"
"261020.0";"2.970781"
"261030.0";"2.943877"
"261040.0";"2.976463"
"261050.0";"2.995951"
"261060.0";"2.910999"
"261070.0";"2.935239"
"261080.0";"2.951398"
"261090.0";"3.161074"
"261100.0";"3.096147"
"261110.0";"2.849812"
"261120.0";"2.983351"
"261130.0";"3.063838"
"261140.0";"3.116493"
"261150.0";"3.177822"
"261160.0";"2.884505"
"261170.0";"2.659283"
"261180.0";"2.850153"
"261190.0";"2.942227"
"261200.0";"2.853204"
"261210.0";"2.991181"
"261220.0";"2.829396"
"261230.0";"2.851325"
"261240.0";"3.000732"
"261250.0";"3.057979"
"261260.0";"2.972075"
"261270.0";"3.054432"
"261280.0";"3.026672"
"261290.0";"2.987236"
"261300.0";"2.97502"
"261310.0";"3.071361"
"261320.0";"3.113026"
"261330.0";"3.188879"
"261340.0";"2.996969"
"261350.0";"2.855312"
"261360.0";"2.920231"
"261370.0";"2.918051"
"261380.0";"2.962826"
"261390.0";"2.874416"
"261400.0";"2.952178"
"261410.0";"2.924883"
"261420.0";"2.958415"
"261430.0";"2.935666"
"261440.0";"2.967473"
"261450.0";"3.021766"
"261460.0";"2.828014"
"261470.0";"2.598146"
"261480.0";"2.623137"
"261490.0";"2.637944"
"261500.0";"2.878801"
"261510.0";"2.942947"
"261520.0";"2.907688"
"261530.0";"2.905641"
"261540.0";"2.773568"
"261550.0";"2.711234"
"261560.0";"2.553259"
"261570.0";"2.812363"
"261580.0";"2.629996"
"261590.0";"2.492532"
"261600.0";"2.680293"
"261610.0";"2.67712"
"261620.0";"2.498514"
"261630.0";"2.560348"
"261640.0";"2.6018"
"261650.0";"2.638161"
"261660.0";"2.562217"
"261670.0";"2.646755"
"261680.0";"2.723977"
"261690.0";"2.693603"
"261700.0";"2.611853"
"261710.0";"2.768142"
"261720.0";"2.712007"
"261730.0";"2.735594"
"261740.0";"2.584214"
"261750.0";"2.776807"
"261760.0";"2.690391"
"261770.0";"2.604416"
"261780.0";"2.676714"
"261790.0";"2.609959"
"261800.0";"2.716047"
"261810.0";"2.469462"
"261820.0";"2.585928"
"261830.0";"2.600965"
"261840.0";"2.907952"
"261850.0";"2.955709"
"261860.0";"2.794794"
"261870.0";"2.923215"
"261880.0";"2.79506"
"261890.0";"2.778358"
"261900.0";"2.872187"
"261910.0";"2.798645"
"261920.0";"2.815933"
"261930.0";"2.779974"
"261940.0";"2.71073"
"261950.0";"2.813548"
"261960.0";"2.783686"
"261970.0";"2.846287"
"261980.0";"2.826289"
"261990.0";"2.766376"
"262000.0";"2.583008"
"262010.0";"2.562635"
"262020.0";"2.510595"
"262030.0";"2.603187"
"262040.0";"2.550807"
"262050.0";"2.583985"
"262060.0";"2.556388"
"262070.0";"2.537688"
"262080.0";"2.541793"
"262090.0";"2.661295"
"262100.0";"2.598363"
"262110.0";"2.551095"
"262120.0";"2.461709"
"262130.0";"2.40745"
"262140.0";"2.350404"
"262150.0";"2.394053"
"262160.0";"2.527075"
"262170.0";"2.620111"
"262180.0";"2.50648"
"262190.0";"2.508757"
"262200.0";"2.586782"
"262210.0";"2.496161"
"262220.0";"2.568539"
"262230.0";"2.52769"
"262240.0";"2.563022"
"262250.0";"2.517146"
"262260.0";"2.493066"
"262270.0";"2.55433"
"262280.0";"2.581128"
"262290.0";"2.7228"
"262300.0";"2.631886"
"262310.0";"2.546605"
"262320.0";"2.543216"
"262330.0";"2.515223"
"262340.0";"2.568954"
"262350.0";"2.600435"
"262360.0";"2.601061"
"262370.0";"2.65803"
"262380.0";"2.632749"
"262390.0";"2.818502"
"262400.0";"2.89546"
"262410.0";"2.694104"
"262420.0";"2.666963"
"262430.0";"2.682556"
"262440.0";"2.632251"
"262450.0";"2.693915"
"262460.0";"2.830279"
"262470.0";"2.828363"
"262480.0";"2.662364"
"262490.0";"2.692899"
"262500.0";"2.513243"
"262510.0";"2.647321"
"262520.0";"2.609921"
"262530.0";"2.609251"
"262540.0";"2.727773"
"262550.0";"2.825457"
"262560.0";"2.810374"
"262570.0";"2.861311"
"262580.0";"2.639929"
"262590.0";"2.881937"
"262600.0";"2.795199"
"262610.0";"2.71393"
"262620.0";"2.691593"
"262630.0";"2.560419"
"262640.0";"2.696369"
"262650.0";"2.689897"
"262660.0";"2.581266"
"262670.0";"2.701951"
"262680.0";"2.716048"
"262690.0";"2.730957"
"262700.0";"2.799569"
"262710.0";"2.640321"
"262720.0";"2.658643"
"262730.0";"2.604576"
"262740.0";"2.572831"
"262750.0";"2.492774"
"262760.0";"2.497395"
"262770.0";"2.525788"
"262780.0";"2.644778"
"262790.0";"2.637325"
"262800.0";"2.61606"
"262810.0";"2.497877"
"262820.0";"2.680491"
"262830.0";"2.570728"
"262840.0";"2.549881"
"262850.0";"2.55661"
"262860.0";"2.540825"
"262870.0";"2.489388"
"262880.0";"2.383328"
"262890.0";"2.303025"
"262900.0";"2.346446"
"262910.0";"2.398901"
"262920.0";"2.309638"
"262930.0";"2.409176"
"262940.0";"2.597423"
"262950.0";"2.40012"
"262960.0";"2.367742"
"262970.0";"2.309319"
"262980.0";"2.309333"
"262990.0";"2.353622"
"263000.0";"2.341922"
"263010.0";"2.397079"
"263020.0";"2.506493"
"263030.0";"2.56716"
"263040.0";"2.399468"
"263050.0";"2.383569"
"263060.0";"2.288016"
"263070.0";"2.315371"
"263080.0";"2.299135"
"263090.0";"2.44399"
"263100.0";"2.347263"
"263110.0";"2.358168"
"263120.0";"2.352916"
"263130.0";"2.409411"
"263140.0";"2.383927"
"263150.0";"2.509651"
"263160.0";"2.478572"
"263170.0";"2.504846"
"263180.0";"2.550321"
"263190.0";"2.475307"
"263200.0";"2.505662"
"263210.0";"2.524515"
"263220.0";"2.56555"
"263230.0";"2.407042"
"263240.0";"2.526397"
"263250.0";"2.551142"
"263260.0";"2.567463"
"263270.0";"2.552643"
"263280.0";"2.592729"
"263290.0";"2.547654"
"263300.0";"2.544526"
"263310.0";"2.519897"
"263320.0";"2.557835"
"263330.0";"2.62291"
"263340.0";"2.583891"
"263350.0";"2.501928"
"263360.0";"2.608752"
"263370.0";"2.584554"
"263380.0";"2.614859"
"263390.0";"2.595836"
"263400.0";"2.698384"
"263410.0";"2.824512"
"263420.0";"2.758062"
"263430.0";"2.744137"
"263440.0";"2.592076"
"263450.0";"2.509406"
"263460.0";"2.556062"
"263470.0";"2.49329"
"263480.0";"2.619751"
"263490.0";"2.659481"
"263500.0";"2.713892"
"263510.0";"2.713465"
"263520.0";"2.551044"
"263530.0";"2.667923"
"263540.0";"2.743881"
"263550.0";"2.693198"
"263560.0";"2.619396"
"263570.0";"2.612279"
"263580.0";"2.615079"
"263590.0";"2.669208"
"263600.0";"2.608584"
"263610.0";"2.648292"
"263620.0";"2.719818"
"263630.0";"2.507069"
"263640.0";"2.684869"
"263650.0";"2.774648"
"263660.0";"2.754253"
"263670.0";"2.760561"
"263680.0";"2.629504"
"263690.0";"2.852375"
"263700.0";"2.700461"
"263710.0";"2.726496"
"263720.0";"2.755265"
"263730.0";"2.645346"
"263740.0";"2.847799"
"263750.0";"2.855311"
"263760.0";"2.779565"
"263770.0";"2.577941"
"263780.0";"2.59815"
"263790.0";"2.557756"
"263800.0";"2.560631"
"263810.0";"2.511388"
"263820.0";"2.45787"
"263830.0";"2.526932"
"263840.0";"2.521437"
"263850.0";"2.59271"
"263860.0";"2.560902"
"263870.0";"2.517644"
"263880.0";"2.574516"
"263890.0";"2.599133"
"263900.0";"2.541899"
"263910.0";"2.593314"
"263920.0";"2.599427"
"263930.0";"2.705938"
"263940.0";"2.708118"
"263950.0";"2.638339"
"263960.0";"2.775602"
"263970.0";"2.580674"
"263980.0";"2.504961"
"263990.0";"2.600517"
"264000.0";"2.647985"
"264010.0";"2.580271"
"264020.0";"2.705941"
"264030.0";"2.610175"
"264040.0";"2.672492"
"264050.0";"2.668529"
"264060.0";"2.490986"
"264070.0";"2.458164"
"264080.0";"2.63045"
"264090.0";"2.547136"
"264100.0";"2.520498"
"264110.0";"2.55735"
"264120.0";"2.635461"
"264130.0";"2.654524"
"264140.0";"2.526719"
"264150.0";"2.507464"
"264160.0";"2.551471"
"264170.0";"2.525521"
"264180.0";"2.383849"
"264190.0";"2.294899"
"264200.0";"2.303003"
"264210.0";"2.289514"
"264220.0";"2.196181"
"264230.0";"2.257152"
"264240.0";"2.25512"
"264250.0";"2.175601"
"264260.0";"2.142492"
"264270.0";"2.157905"
"264280.0";"2.162217"
"264290.0";"2.172834"
"264300.0";"2.157568"
"264310.0";"2.1624"
"264320.0";"2.162074"
"264330.0";"2.124036"
"264340.0";"2.117056"
"264350.0";"2.112056"
"264360.0";"2.17279"
"264370.0";"2.136111"
"264380.0";"2.185083"
"264390.0";"2.155284"
"264400.0";"2.132683"
"264410.0";"2.150685"
"264420.0";"2.165949"
"264430.0";"2.1955"
"264440.0";"2.21454"
"264450.0";"2.151496"
"264460.0";"2.128633"
"264470.0";"2.099885"
"264480.0";"2.210796"
"264490.0";"2.126882"
"264500.0";"2.180218"
"264510.0";"2.160912"
"264520.0";"2.171802"
"264530.0";"2.119094"
"264540.0";"2.197786"
"264550.0";"2.159298"
"264560.0";"2.216471"
"264570.0";"2.122501"
"264580.0";"2.090074"
"264590.0";"2.14635"
"264600.0";"2.099573"
"264610.0";"2.168232"
"264620.0";"2.127248"
"264630.0";"2.150681"
"264640.0";"2.185143"
"264650.0";"2.22341"
"264660.0";"2.137355"
"264670.0";"2.211108"
"264680.0";"2.270538"
"264690.0";"2.172422"
"264700.0";"2.204907"
"264710.0";"2.117369"
"264720.0";"2.209304"
"264730.0";"2.19554"
"264740.0";"2.166967"
"264750.0";"2.208134"
"264760.0";"2.144769"
"264770.0";"2.214939"
"264780.0";"2.181444"
"264790.0";"2.223076"
"264800.0";"2.222938"
"264810.0";"2.299809"
"264820.0";"2.209773"
"264830.0";"2.297054"
"264840.0";"2.253091"
"264850.0";"2.202687"
"264860.0";"2.227629"
"264870.0";"2.196144"
"264880.0";"2.213252"
"264890.0";"2.232615"
"264900.0";"2.323225"
"264910.0";"2.26216"
"264920.0";"2.296239"
"264930.0";"2.28373"
"264940.0";"2.222156"
"264950.0";"2.206672"
"264960.0";"2.256841"
"264970.0";"2.221893"
"264980.0";"2.253001"
"264990.0";"2.233321"
"265000.0";"2.268001"
"265010.0";"2.293096"
"265020.0";"2.336336"
"265030.0";"2.506248"
"265040.0";"2.471321"
"265050.0";"2.556175"
"265060.0";"2.426578"
"265070.0";"2.457352"
"265080.0";"2.177799"
"265090.0";"2.181094"
"265100.0";"2.121563"
"265110.0";"2.217976"
"265120.0";"2.261055"
"265130.0";"2.274822"
"265140.0";"2.241942"
"265150.0";"2.239157"
"265160.0";"2.201674"
"265170.0";"2.27283"
"265180.0";"2.238492"
"265190.0";"2.224468"
"265200.0";"2.279494"
"265210.0";"2.169538"
"265220.0";"2.198704"
"265230.0";"2.154819"
"265240.0";"2.08573"
"265250.0";"2.134163"
"265260.0";"2.191674"
"265270.0";"2.154965"
"265280.0";"2.180197"
"265290.0";"2.126002"
"265300.0";"2.149808"
"265310.0";"2.137125"
"265320.0";"2.098999"
"265330.0";"2.078483"
"265340.0";"2.129164"
"265350.0";"2.163436"
"265360.0";"2.121786"
"265370.0";"2.151596"
"265380.0";"2.151341"
"265390.0";"2.12288"
"265400.0";"2.107673"
"265410.0";"2.105342"
"265420.0";"2.158116"
"265430.0";"2.100493"
"265440.0";"2.091558"
"265450.0";"2.119008"
"265460.0";"2.089426"
"265470.0";"2.157223"
"265480.0";"2.182837"
"265490.0";"2.199782"
"265500.0";"2.084661"
"265510.0";"2.133237"
"265520.0";"2.090033"
"265530.0";"2.086488"
"265540.0";"2.136107"
"265550.0";"2.078937"
"265560.0";"2.15141"
"265570.0";"2.127799"
"265580.0";"2.112381"
"265590.0";"2.121956"
"265600.0";"2.208503"
"265610.0";"2.251978"
"265620.0";"2.248822"
"265630.0";"2.192143"
"265640.0";"2.241847"
"265650.0";"2.213148"
"265660.0";"2.259175"
"265670.0";"2.287914"
"265680.0";"2.205457"
"265690.0";"2.223633"
"265700.0";"2.253586"
"265710.0";"2.236517"
"265720.0";"2.20873"
"265730.0";"2.278577"
"265740.0";"2.215167"
"265750.0";"2.239246"
"265760.0";"2.318928"
"265770.0";"2.279912"
"265780.0";"2.329816"
"265790.0";"2.283461"
"265800.0";"2.280973"
"265810.0";"2.208414"
"265820.0";"2.244447"
"265830.0";"2.272374"
"265840.0";"2.226815"
"265850.0";"2.307251"
"265860.0";"2.229305"
"265870.0";"2.275734"
"265880.0";"2.223312"
"265890.0";"2.239317"
"265900.0";"2.207574"
"265910.0";"2.165699"
"265920.0";"2.239281"
"265930.0";"2.289224"
"265940.0";"2.256879"
"265950.0";"2.245955"
"265960.0";"2.227808"
"265970.0";"2.249388"
"265980.0";"2.295525"
"265990.0";"2.340742"
"266000.0";"2.305531"
"266010.0";"2.235069"
"266020.0";"2.26955"
"266030.0";"2.353595"
"266040.0";"2.273595"
"266050.0";"2.252253"
"266060.0";"2.320274"
"266070.0";"2.276504"
"266080.0";"2.248124"
"266090.0";"2.213098"
"266100.0";"2.251666"
"266110.0";"2.275419"
"266120.0";"2.208969"
"266130.0";"2.236552"
"266140.0";"2.202968"
"266150.0";"2.185796"
"266160.0";"2.165761"
"266170.0";"2.237854"
"266180.0";"2.190736"
"266190.0";"2.175396"
"266200.0";"2.231281"
"266210.0";"2.280268"
"266220.0";"2.277222"
"266230.0";"2.256366"
"266240.0";"2.327259"
"266250.0";"2.324703"
"266260.0";"2.272744"
"266270.0";"2.291653"
"266280.0";"2.219011"
"266290.0";"2.199833"
"266300.0";"2.314485"
"266310.0";"2.171913"
"266320.0";"2.204127"
"266330.0";"2.260136"
"266340.0";"2.263308"
"266350.0";"2.208253"
"266360.0";"2.166011"
"266370.0";"2.217523"
"266380.0";"2.272892"
"266390.0";"2.227502"
"266400.0";"2.269733"
"266410.0";"2.292547"
"266420.0";"2.239515"
"266430.0";"2.311677"
"266440.0";"2.221963"
"266450.0";"2.275846"
"266460.0";"2.132557"
"266470.0";"2.14598"
"266480.0";"2.201015"
"266490.0";"2.270253"
"266500.0";"2.23424"
"266510.0";"2.193204"
"266520.0";"2.178534"
"266530.0";"2.143543"
"266540.0";"2.246873"
"266550.0";"2.094739"
"266560.0";"2.192426"
"266570.0";"2.255855"
"266580.0";"2.202589"
"266590.0";"2.161365"
"266600.0";"2.250366"
"266610.0";"2.221294"
"266620.0";"2.243445"
"266630.0";"2.159693"
"266640.0";"2.18667"
"266650.0";"2.16467"
"266660.0";"2.193562"
"266670.0";"2.214929"
"266680.0";"2.238715"
"266690.0";"2.303011"
"266700.0";"2.260615"
"266710.0";"2.270025"
"266720.0";"2.259871"
"266730.0";"2.302252"
"266740.0";"2.238868"
"266750.0";"2.245201"
"266760.0";"2.233431"
"266770.0";"2.263772"
"266780.0";"2.276518"
"266790.0";"2.32062"
"266800.0";"2.241329"
"266810.0";"2.320894"
"266820.0";"2.430629"
"266830.0";"2.388426"
"266840.0";"2.350623"
"266850.0";"2.276922"
"266860.0";"2.285035"
"266870.0";"2.275753"
"266880.0";"2.217515"
"266890.0";"2.18745"
"266900.0";"2.228735"
"266910.0";"2.286025"
"266920.0";"2.311946"
"266930.0";"2.28394"
"266940.0";"2.301843"
"266950.0";"2.399212"
"266960.0";"2.232622"
"266970.0";"2.246086"
"266980.0";"2.24937"
"266990.0";"2.319652"
"267000.0";"2.332571"
"267010.0";"2.287004"
"267020.0";"2.277008"
"267030.0";"2.242588"
"267040.0";"2.288501"
"267050.0";"2.309343"
"267060.0";"2.327494"
"267070.0";"2.35002"
"267080.0";"2.324721"
"267090.0";"2.347616"
"267100.0";"2.35516"
"267110.0";"2.319602"
"267120.0";"2.284546"
"267130.0";"2.314357"
"267140.0";"2.308948"
"267150.0";"2.295657"
"267160.0";"2.322066"
"267170.0";"2.342683"
"267180.0";"2.37066"
"267190.0";"2.335549"
"267200.0";"2.240914"
"267210.0";"2.319301"
"267220.0";"2.337204"
"267230.0";"2.299768"
"267240.0";"2.332938"
"267250.0";"2.315209"
"267260.0";"2.315256"
"267270.0";"2.288292"
"267280.0";"2.3539"
"267290.0";"2.369045"
"267300.0";"2.324454"
"267310.0";"2.260452"
"267320.0";"2.2948"
"267330.0";"2.271059"
"267340.0";"2.266054"
"267350.0";"2.3192"
"267360.0";"2.301051"
"267370.0";"2.382369"
"267380.0";"2.332194"
"267390.0";"2.310908"
"267400.0";"2.352312"
"267410.0";"2.331905"
"267420.0";"2.242986"
"267430.0";"2.236799"
"267440.0";"2.281633"
"267450.0";"2.342423"
"267460.0";"2.273555"
"267470.0";"2.262197"
"267480.0";"2.350714"
"267490.0";"2.312166"
"267500.0";"2.281807"
"267510.0";"2.360896"
"267520.0";"2.355121"
"267530.0";"2.360023"
"267540.0";"2.373369"
"267550.0";"2.342123"
"267560.0";"2.304758"
"267570.0";"2.338583"
"267580.0";"2.316941"
"267590.0";"2.326646"
"267600.0";"2.260492"
"267610.0";"2.31326"
"267620.0";"2.358227"
"267630.0";"2.305536"
"267640.0";"2.249176"
"267650.0";"2.302018"
"267660.0";"2.190125"
"267670.0";"2.228827"
"267680.0";"2.262197"
"267690.0";"2.255473"
"267700.0";"2.272087"
"267710.0";"2.269788"
"267720.0";"2.301017"
"267730.0";"2.26296"
"267740.0";"2.289249"
"267750.0";"2.485656"
"267760.0";"2.314767"
"267770.0";"2.262526"
"267780.0";"2.328715"
"267790.0";"2.247336"
"267800.0";"2.23711"
"267810.0";"2.362747"
"267820.0";"2.254515"
"267830.0";"2.209755"
"267840.0";"2.204929"
"267850.0";"2.203456"
"267860.0";"2.322803"
"267870.0";"2.257118"
"267880.0";"2.27655"
"267890.0";"2.328098"
"267900.0";"2.237303"
"267910.0";"2.320119"
"267920.0";"2.314305"
"267930.0";"2.24589"
"267940.0";"2.196394"
"267950.0";"2.207813"
"267960.0";"2.350669"
"267970.0";"2.224223"
"267980.0";"2.217226"
"267990.0";"2.191948"
"268000.0";"2.264558"
"268010.0";"2.2543"
"268020.0";"2.278778"
"268030.0";"2.292191"
"268040.0";"2.313018"
"268050.0";"2.31877"
"268060.0";"2.250707"
"268070.0";"2.277691"
"268080.0";"2.173803"
"268090.0";"2.23164"
"268100.0";"2.239856"
"268110.0";"2.261405"
"268120.0";"2.257406"
"268130.0";"2.241747"
"268140.0";"2.313141"
"268150.0";"2.44621"
"268160.0";"2.337984"
"268170.0";"2.318359"
"268180.0";"2.273012"
"268190.0";"2.315531"
"268200.0";"2.352845"
"268210.0";"2.418858"
"268220.0";"2.535981"
"268230.0";"2.4102"
"268240.0";"2.481718"
"268250.0";"2.42884"
"268260.0";"2.455352"
"268270.0";"2.424907"
"268280.0";"2.381038"
"268290.0";"2.297368"
"268300.0";"2.412235"
"268310.0";"2.333664"
"268320.0";"2.373085"
"268330.0";"2.442591"
"268340.0";"2.362418"
"268350.0";"2.380996"
"268360.0";"2.395669"
"268370.0";"2.49147"
"268380.0";"2.531852"
"268390.0";"2.536298"
"268400.0";"2.483132"
"268410.0";"2.486017"
"268420.0";"2.565377"
"268430.0";"2.434777"
"268440.0";"2.57524"
"268450.0";"2.630338"
"268460.0";"2.734014"
"268470.0";"2.681361"
"268480.0";"2.787405"
"268490.0";"2.77255"
"268500.0";"2.6846"
"268510.0";"2.821413"
"268520.0";"2.89121"
"268530.0";"2.737838"
"268540.0";"2.695487"
"268550.0";"2.767771"
"268560.0";"2.926029"
"268570.0";"2.938201"
"268580.0";"2.903758"
"268590.0";"2.847253"
"268600.0";"2.987967"
"268610.0";"2.927397"
"268620.0";"2.905284"
"268630.0";"2.856531"
"268640.0";"2.6238"
"268650.0";"2.646197"
"268660.0";"2.646564"
"268670.0";"2.632623"
"268680.0";"2.805057"
"268690.0";"2.741195"
"268700.0";"2.517733"
"268710.0";"2.52613"
"268720.0";"2.6261"
"268730.0";"2.537437"
"268740.0";"2.526426"
"268750.0";"2.527065"
"268760.0";"2.579273"
"268770.0";"2.538048"
"268780.0";"2.503964"
"268790.0";"2.452712"
"268800.0";"2.446246"
"268810.0";"2.408904"
"268820.0";"2.352062"
"268830.0";"2.463464"
"268840.0";"2.493649"
"268850.0";"2.576369"
"268860.0";"2.522852"
"268870.0";"2.456538"
"268880.0";"2.419281"
"268890.0";"2.515575"
"268900.0";"2.646663"
"268910.0";"2.624722"
"268920.0";"2.761615"
"268930.0";"2.646172"
"268940.0";"2.65439"
"268950.0";"2.675174"
"268960.0";"2.684322"
"268970.0";"2.590188"
"268980.0";"2.691473"
"268990.0";"2.68654"
"269000.0";"2.593397"
"269010.0";"2.508629"
"269020.0";"2.401446"
"269030.0";"2.63318"
"269040.0";"2.627906"
"269050.0";"2.521985"
"269060.0";"2.502004"
"269070.0";"2.655222"
"269080.0";"2.6759"
"269090.0";"2.736541"
"269100.0";"2.728577"
"269110.0";"2.629207"
"269120.0";"2.594788"
"269130.0";"2.672409"
"269140.0";"2.56654"
"269150.0";"2.453373"
"269160.0";"2.458408"
"269170.0";"2.577749"
"269180.0";"2.62534"
"269190.0";"2.598931"
"269200.0";"2.569803"
"269210.0";"2.41342"
"269220.0";"2.299631"
"269230.0";"2.473793"
"269240.0";"2.481739"
"269250.0";"2.499033"
"269260.0";"2.422909"
"269270.0";"2.453178"
"269280.0";"2.494375"
"269290.0";"2.447192"
"269300.0";"2.442827"
"269310.0";"2.447784"
"269320.0";"2.412688"
"269330.0";"2.462322"
"269340.0";"2.398287"
"269350.0";"2.409841"
"269360.0";"2.395302"
"269370.0";"2.338893"
"269380.0";"2.380681"
"269390.0";"2.449039"
"269400.0";"2.473399"
"269410.0";"2.437105"
"269420.0";"2.491182"
"269430.0";"2.456049"
"269440.0";"2.421314"
"269450.0";"2.475704"
"269460.0";"2.428128"
"269470.0";"2.280885"
"269480.0";"2.31619"
"269490.0";"2.305559"
"269500.0";"2.457513"
"269510.0";"2.4001"
"269520.0";"2.335355"
"269530.0";"2.250556"
"269540.0";"2.412463"
"269550.0";"2.362003"
"269560.0";"2.38619"
"269570.0";"2.468911"
"269580.0";"2.367039"
"269590.0";"2.425696"
"269600.0";"2.389601"
"269610.0";"2.405996"
"269620.0";"2.351996"
"269630.0";"2.358011"
"269640.0";"2.356395"
"269650.0";"2.389143"
"269660.0";"2.444672"
"269670.0";"2.342314"
"269680.0";"2.414357"
"269690.0";"2.387061"
"269700.0";"2.37839"
"269710.0";"2.391773"
"269720.0";"2.377538"
"269730.0";"2.395148"
"269740.0";"2.328102"
"269750.0";"2.306041"
"269760.0";"2.393712"
"269770.0";"2.513653"
"269780.0";"2.3709"
"269790.0";"2.289851"
"269800.0";"2.347887"
"269810.0";"2.308701"
"269820.0";"2.428796"
"269830.0";"2.230751"
"269840.0";"2.266403"
"269850.0";"2.377556"
"269860.0";"2.397953"
"269870.0";"2.513292"
"269880.0";"2.492574"
"269890.0";"2.379795"
"269900.0";"2.494746"
"269910.0";"2.445923"
"269920.0";"2.520767"
"269930.0";"2.528295"
"269940.0";"2.358545"
"269950.0";"2.466814"
"269960.0";"2.394512"
"269970.0";"2.552088"
"269980.0";"2.57412"
"269990.0";"2.604337"
"270000.0";"2.477483"
"270010.0";"2.517434"
"270020.0";"2.408018"
"270030.0";"2.445685"
"270040.0";"2.537189"
"270050.0";"2.488734"
"270060.0";"2.363707"
"270070.0";"2.444365"
"270080.0";"2.329016"
"270090.0";"2.27659"
"270100.0";"2.349518"
"270110.0";"2.441527"
"270120.0";"2.319489"
"270130.0";"2.406534"
"270140.0";"2.382509"
"270150.0";"2.361354"
"270160.0";"2.299345"
"270170.0";"2.365468"
"270180.0";"2.299959"
"270190.0";"2.265667"
"270200.0";"2.27737"
"270210.0";"2.371013"
"270220.0";"2.346484"
"270230.0";"2.319331"
"270240.0";"2.271481"
"270250.0";"2.323541"
"270260.0";"2.232538"
"270270.0";"2.260655"
"270280.0";"2.309052"
"270290.0";"2.314087"
"270300.0";"2.394904"
"270310.0";"2.333856"
"270320.0";"2.32994"
"270330.0";"2.370755"
"270340.0";"2.471779"
"270350.0";"2.43388"
"270360.0";"2.353837"
"270370.0";"2.40702"
"270380.0";"2.467493"
"270390.0";"2.462934"
"270400.0";"2.411167"
"270410.0";"2.417173"
"270420.0";"2.37305"
"270430.0";"2.33554"
"270440.0";"2.408135"
"270450.0";"2.471193"
"270460.0";"2.379631"
"270470.0";"2.290115"
"270480.0";"2.47318"
"270490.0";"2.426353"
"270500.0";"2.290033"
"270510.0";"2.418128"
"270520.0";"2.397309"
"270530.0";"2.466203"
"270540.0";"2.394354"
"270550.0";"2.455491"
"270560.0";"2.419241"
"270570.0";"2.427438"
"270580.0";"2.434011"
"270590.0";"2.380314"
"270600.0";"2.480902"
"270610.0";"2.401489"
"270620.0";"2.587055"
"270630.0";"2.48448"
"270640.0";"2.55703"
"270650.0";"2.491097"
"270660.0";"2.62439"
"270670.0";"2.649328"
"270680.0";"2.603557"
"270690.0";"2.443891"
"270700.0";"2.646616"
"270710.0";"2.594692"
"270720.0";"2.733913"
"270730.0";"2.697165"
"270740.0";"2.696176"
"270750.0";"2.797886"
"270760.0";"2.812072"
"270770.0";"2.727696"
"270780.0";"2.674999"
"270790.0";"2.672101"
"270800.0";"2.649039"
"270810.0";"2.704789"
"270820.0";"2.672441"
"270830.0";"2.840885"
"270840.0";"2.848247"
"270850.0";"2.839551"
"270860.0";"2.780297"
"270870.0";"2.667338"
"270880.0";"2.699468"
"270890.0";"2.568942"
"270900.0";"2.525657"
"270910.0";"2.542887"
"270920.0";"2.663657"
"270930.0";"2.723946"
"270940.0";"2.650402"
"270950.0";"2.615441"
"270960.0";"2.464683"
"270970.0";"2.365247"
"270980.0";"2.432303"
"270990.0";"2.42375"
"271000.0";"2.460934"
"271010.0";"2.592011"
"271020.0";"2.511272"
"271030.0";"2.514064"
"271040.0";"2.750203"
"271050.0";"2.71124"
"271060.0";"2.501337"
"271070.0";"2.477006"
"271080.0";"2.396738"
"271090.0";"2.439767"
"271100.0";"2.508544"
"271110.0";"2.596714"
"271120.0";"2.601809"
"271130.0";"2.600209"
"271140.0";"2.709932"
"271150.0";"2.32744"
"271160.0";"2.439737"
"271170.0";"2.438272"
"271180.0";"2.372845"
"271190.0";"2.437614"
"271200.0";"2.449194"
"271210.0";"2.253134"
"271220.0";"2.30349"
"271230.0";"2.343226"
"271240.0";"2.339511"
"271250.0";"2.409309"
"271260.0";"2.3864"
"271270.0";"2.302941"
"271280.0";"2.405099"
"271290.0";"2.400012"
"271300.0";"2.391246"
"271310.0";"2.327559"
"271320.0";"2.474664"
"271330.0";"2.402456"
"271340.0";"2.471724"
"271350.0";"2.285787"
"271360.0";"2.463876"
"271370.0";"2.334514"
"271380.0";"2.330516"
"271390.0";"2.41111"
"271400.0";"2.37692"
"271410.0";"2.428727"
"271420.0";"2.348364"
"271430.0";"2.510157"
"271440.0";"2.564378"
"271450.0";"2.452039"
"271460.0";"2.491822"
"271470.0";"2.464136"
"271480.0";"2.464995"
"271490.0";"2.513776"
"271500.0";"2.48556"
"271510.0";"2.610162"
"271520.0";"2.648957"
"271530.0";"2.530035"
"271540.0";"2.422863"
"271550.0";"2.31532"
"271560.0";"2.38809"
"271570.0";"2.412054"
"271580.0";"2.477167"
"271590.0";"2.466258"
"271600.0";"2.454377"
"271610.0";"2.572212"
"271620.0";"2.564263"
"271630.0";"2.525685"
"271640.0";"2.488112"
"271650.0";"2.393266"
"271660.0";"2.42803"
"271670.0";"2.455654"
"271680.0";"2.358447"
"271690.0";"2.41645"
"271700.0";"2.395748"
"271710.0";"2.408265"
"271720.0";"2.468726"
"271730.0";"2.360444"
"271740.0";"2.359478"
"271750.0";"2.388444"
"271760.0";"2.351787"
"271770.0";"2.391495"
"271780.0";"2.392347"
"271790.0";"2.431677"
"271800.0";"2.372457"
"271810.0";"2.439912"
"271820.0";"2.408135"
"271830.0";"2.397418"
"271840.0";"2.371103"
"271850.0";"2.293584"
"271860.0";"2.422096"
"271870.0";"2.312339"
"271880.0";"2.359225"
"271890.0";"2.346254"
"271900.0";"2.337489"
"271910.0";"2.40165"
"271920.0";"2.343215"
"271930.0";"2.299064"
"271940.0";"2.305506"
"271950.0";"2.319216"
"271960.0";"2.329086"
"271970.0";"2.292612"
"271980.0";"2.278412"
"271990.0";"2.232293"
"272000.0";"2.250943"
"272010.0";"2.312757"
"272020.0";"2.353342"
"272030.0";"2.352204"
"272040.0";"2.282607"
"272050.0";"2.434743"
"272060.0";"2.315566"
"272070.0";"2.315398"
"272080.0";"2.457971"
"272090.0";"2.329928"
"272100.0";"2.413711"
"272110.0";"2.391663"
"272120.0";"2.350674"
"272130.0";"2.417452"
"272140.0";"2.358999"
"272150.0";"2.261971"
"272160.0";"2.343812"
"272170.0";"2.228348"
"272180.0";"2.337268"
"272190.0";"2.376499"
"272200.0";"2.417106"
"272210.0";"2.336077"
"272220.0";"2.35075"
"272230.0";"2.27966"
"272240.0";"2.257897"
"272250.0";"2.273557"
"272260.0";"2.320619"
"272270.0";"2.316136"
"272280.0";"2.296252"
"272290.0";"2.32464"
"272300.0";"2.251803"
"272310.0";"2.270578"
"272320.0";"2.303421"
"272330.0";"2.264154"
"272340.0";"2.236911"
"272350.0";"2.338145"
"272360.0";"2.459591"
"272370.0";"2.404139"
"272380.0";"2.319086"
"272390.0";"2.335454"
"272400.0";"2.329995"
"272410.0";"2.319221"
"272420.0";"2.334208"
"272430.0";"2.369196"
"272440.0";"2.31884"
"272450.0";"2.273954"
"272460.0";"2.316494"
"272470.0";"2.292281"
"272480.0";"2.35197"
"272490.0";"2.392119"
"272500.0";"2.320447"
"272510.0";"2.354612"
"272520.0";"2.374862"
"272530.0";"2.285532"
"272540.0";"2.28839"
"272550.0";"2.257358"
"272560.0";"2.223747"
"272570.0";"2.203321"
"272580.0";"2.222032"
"272590.0";"2.297141"
"272600.0";"2.31321"
"272610.0";"2.282343"
"272620.0";"2.264213"
"272630.0";"2.310121"
"272640.0";"2.27476"
"272650.0";"2.301085"
"272660.0";"2.237721"
"272670.0";"2.308612"
"272680.0";"2.257459"
"272690.0";"2.25347"
"272700.0";"2.31697"
"272710.0";"2.263836"
"272720.0";"2.370175"
"272730.0";"2.337132"
"272740.0";"2.345972"
"272750.0";"2.347159"
"272760.0";"2.284375"
"272770.0";"2.23832"
"272780.0";"2.302359"
"272790.0";"2.276088"
"272800.0";"2.266367"
"272810.0";"2.349727"
"272820.0";"2.361477"
"272830.0";"2.36618"
"272840.0";"2.330467"
"272850.0";"2.376489"
"272860.0";"2.292821"
"272870.0";"2.353456"
"272880.0";"2.239875"
"272890.0";"2.380513"
"272900.0";"2.358895"
"272910.0";"2.299953"
"272920.0";"2.320797"
"272930.0";"2.346013"
"272940.0";"2.475915"
"272950.0";"2.644067"
"272960.0";"2.531974"
"272970.0";"2.564038"
"272980.0";"2.460173"
"272990.0";"2.378564"
"273000.0";"2.328948"
"273010.0";"2.416117"
"273020.0";"2.359496"
"273030.0";"2.337834"
"273040.0";"2.323402"
"273050.0";"2.367762"
"273060.0";"2.415899"
"273070.0";"2.329887"
"273080.0";"2.401789"
"273090.0";"2.282938"
"273100.0";"2.224639"
"273110.0";"2.235667"
"273120.0";"2.314551"
"273130.0";"2.227053"
"273140.0";"2.272085"
"273150.0";"2.297229"
"273160.0";"2.269726"
"273170.0";"2.236308"
"273180.0";"2.298326"
"273190.0";"2.338213"
"273200.0";"2.258933"
"273210.0";"2.289405"
"273220.0";"2.330645"
"273230.0";"2.265373"
"273240.0";"2.359866"
"273250.0";"2.356703"
"273260.0";"2.380664"
"273270.0";"2.316512"
"273280.0";"2.334304"
"273290.0";"2.294548"
"273300.0";"2.323439"
"273310.0";"2.300116"
"273320.0";"2.316443"
"273330.0";"2.291579"
"273340.0";"2.438505"
"273350.0";"2.41974"
"273360.0";"2.382847"
"273370.0";"2.302522"
"273380.0";"2.246251"
"273390.0";"2.394101"
"273400.0";"2.428423"
"273410.0";"2.338884"
"273420.0";"2.245354"
"273430.0";"2.219983"
"273440.0";"2.29876"
"273450.0";"2.242725"
"273460.0";"2.246225"
"273470.0";"2.21406"
"273480.0";"2.304064"
"273490.0";"2.27125"
"273500.0";"2.309773"
"273510.0";"2.25253"
"273520.0";"2.277426"
"273530.0";"2.308554"
"273540.0";"2.235221"
"273550.0";"2.269428"
"273560.0";"2.248597"
"273570.0";"2.361585"
"273580.0";"2.429873"
"273590.0";"2.409424"
"273600.0";"2.294495"
"273610.0";"2.271298"
"273620.0";"2.28478"
"273630.0";"2.277295"
"273640.0";"2.276038"
"273650.0";"2.208656"
"273660.0";"2.241394"
"273670.0";"2.252367"
"273680.0";"2.260979"
"273690.0";"2.315094"
"273700.0";"2.441639"
"273710.0";"2.327925"
"273720.0";"2.216628"
"273730.0";"2.322476"
"273740.0";"2.356008"
"273750.0";"2.307221"
"273760.0";"2.265676"
"273770.0";"2.195915"
"273780.0";"2.203592"
"273790.0";"2.237013"
"273800.0";"2.271005"
"273810.0";"2.27705"
"273820.0";"2.201303"
"273830.0";"2.285613"
"273840.0";"2.371639"
"273850.0";"2.363852"
"273860.0";"2.34412"
"273870.0";"2.330568"
"273880.0";"2.23529"
"273890.0";"2.269649"
"273900.0";"2.329146"
"273910.0";"2.26712"
"273920.0";"2.21398"
"273930.0";"2.304362"
"273940.0";"2.357728"
"273950.0";"2.318511"
"273960.0";"2.223177"
"273970.0";"2.267252"
"273980.0";"2.247337"
"273990.0";"2.245716"
"274000.0";"2.28881"
"274010.0";"2.269684"
"274020.0";"2.239156"
"274030.0";"2.282045"
"274040.0";"2.274289"
"274050.0";"2.273223"
"274060.0";"2.33225"
"274070.0";"2.309827"
"274080.0";"2.262622"
"274090.0";"2.32479"
"274100.0";"2.238638"
"274110.0";"2.317077"
"274120.0";"2.297238"
"274130.0";"2.404927"
"274140.0";"2.341187"
"274150.0";"2.263806"
"274160.0";"2.306543"
"274170.0";"2.354314"
"274180.0";"2.266765"
"274190.0";"2.34307"
"274200.0";"2.337098"
"274210.0";"2.301647"
"274220.0";"2.249382"
"274230.0";"2.266207"
"274240.0";"2.278486"
"274250.0";"2.336737"
"274260.0";"2.289829"
"274270.0";"2.287163"
"274280.0";"2.272862"
"274290.0";"2.273916"
"274300.0";"2.329644"
"274310.0";"2.281102"
"274320.0";"2.200154"
"274330.0";"2.346392"
"274340.0";"2.290771"
"274350.0";"2.269104"
"274360.0";"2.339322"
"274370.0";"2.351237"
"274380.0";"2.36179"
"274390.0";"2.40232"
"274400.0";"2.30968"
"274410.0";"2.314681"
"274420.0";"2.217806"
"274430.0";"2.327159"
"274440.0";"2.282455"
"274450.0";"2.380729"
"274460.0";"2.491899"
"274470.0";"2.424365"
"274480.0";"2.328632"
"274490.0";"2.330703"
"274500.0";"2.320781"
"274510.0";"2.305562"
"274520.0";"2.341519"
"274530.0";"2.254381"
"274540.0";"2.251118"
"274550.0";"2.304379"
"274560.0";"2.324306"
"274570.0";"2.361275"
"274580.0";"2.337956"
"274590.0";"2.334905"
"274600.0";"2.344093"
"274610.0";"2.42557"
"274620.0";"2.36514"
"274630.0";"2.355816"
"274640.0";"2.303398"
"274650.0";"2.326272"
"274660.0";"2.444803"
"274670.0";"2.405661"
"274680.0";"2.343736"
"274690.0";"2.287"
"274700.0";"2.296962"
"274710.0";"2.312784"
"274720.0";"2.461396"
"274730.0";"2.426521"
"274740.0";"2.332641"
"274750.0";"2.334486"
"274760.0";"2.314549"
"274770.0";"2.424452"
"274780.0";"2.325694"
"274790.0";"2.381496"
"274800.0";"2.382522"
"274810.0";"2.356049"
"274820.0";"2.408138"
"274830.0";"2.440794"
"274840.0";"2.474777"
"274850.0";"2.442239"
"274860.0";"2.453533"
"274870.0";"2.437817"
"274880.0";"2.44191"
"274890.0";"2.398041"
"274900.0";"2.334439"
"274910.0";"2.354473"
"274920.0";"2.436674"
"274930.0";"2.359193"
"274940.0";"2.338397"
"274950.0";"2.36723"
"274960.0";"2.425119"
"274970.0";"2.411736"
"274980.0";"2.401003"
"274990.0";"2.426605"
"275000.0";"2.457579"
"275010.0";"2.411824"
"275020.0";"2.409148"
"275030.0";"2.470862"
"275040.0";"2.411126"
"275050.0";"2.441971"
"275060.0";"2.386863"
"275070.0";"2.529715"
"275080.0";"2.448829"
"275090.0";"2.548013"
"275100.0";"2.547438"
"275110.0";"2.407769"
"275120.0";"2.492584"
"275130.0";"2.58764"
"275140.0";"2.545204"
"275150.0";"2.313276"
"275160.0";"2.393604"
"275170.0";"2.283667"
"275180.0";"2.326008"
"275190.0";"2.345949"
"275200.0";"2.380696"
"275210.0";"2.495592"
"275220.0";"2.424765"
"275230.0";"2.389725"
"275240.0";"2.393202"
"275250.0";"2.394635"
"275260.0";"2.420276"
"275270.0";"2.41521"
"275280.0";"2.45026"
"275290.0";"2.445151"
"275300.0";"2.531752"
"275310.0";"2.502486"
"275320.0";"2.416952"
"275330.0";"2.464741"
"275340.0";"2.483475"
"275350.0";"2.6263"
"275360.0";"2.568439"
"275370.0";"2.604945"
"275380.0";"2.458881"
"275390.0";"2.586935"
"275400.0";"2.666346"
"275410.0";"2.536272"
"275420.0";"2.616338"
"275430.0";"2.727436"
"275440.0";"2.622324"
"275450.0";"2.607947"
"275460.0";"2.49174"
"275470.0";"2.663367"
"275480.0";"2.670235"
"275490.0";"2.641154"
"275500.0";"2.486779"
"275510.0";"2.686284"
"275520.0";"2.582715"
"275530.0";"2.54329"
"275540.0";"2.492628"
"275550.0";"2.493161"
"275560.0";"2.565314"
"275570.0";"2.493011"
"275580.0";"2.565479"
"275590.0";"2.459297"
"275600.0";"2.483585"
"275610.0";"2.608979"
"275620.0";"2.571852"
"275630.0";"2.589372"
"275640.0";"2.716539"
"275650.0";"2.55227"
"275660.0";"2.454267"
"275670.0";"2.492069"
"275680.0";"2.444876"
"275690.0";"2.591033"
"275700.0";"2.534698"
"275710.0";"2.479896"
"275720.0";"2.69553"
"275730.0";"2.645986"
"275740.0";"2.663116"
"275750.0";"2.622934"
"275760.0";"2.643287"
"275770.0";"2.729026"
"275780.0";"2.730809"
"275790.0";"2.581841"
"275800.0";"2.446668"
"275810.0";"2.457613"
"275820.0";"2.394865"
"275830.0";"2.524299"
"275840.0";"2.539102"
"275850.0";"2.606708"
"275860.0";"2.531872"
"275870.0";"2.528711"
"275880.0";"2.407332"
"275890.0";"2.418887"
"275900.0";"2.50309"
"275910.0";"2.387501"
"275920.0";"2.47523"
"275930.0";"2.366686"
"275940.0";"2.445178"
"275950.0";"2.412336"
"275960.0";"2.456166"
"275970.0";"2.598001"
"275980.0";"2.42534"
"275990.0";"2.482322"
"276000.0";"2.445065"
"276010.0";"2.370459"
"276020.0";"2.49138"
"276030.0";"2.533648"
"276040.0";"2.527219"
"276050.0";"2.53689"
"276060.0";"2.58937"
"276070.0";"2.480714"
"276080.0";"2.647435"
"276090.0";"2.76085"
"276100.0";"2.651014"
"276110.0";"2.595034"
"276120.0";"2.671098"
"276130.0";"2.681257"
"276140.0";"2.688849"
"276150.0";"2.846472"
"276160.0";"2.643927"
"276170.0";"2.653874"
"276180.0";"2.612424"
"276190.0";"2.745852"
"276200.0";"2.678491"
"276210.0";"2.630016"
"276220.0";"2.738777"
"276230.0";"2.742795"
"276240.0";"2.867287"
"276250.0";"2.74356"
"276260.0";"2.788145"
"276270.0";"2.874318"
"276280.0";"2.843175"
"276290.0";"2.747607"
"276300.0";"2.808314"
"276310.0";"2.641129"
"276320.0";"2.51353"
"276330.0";"2.645644"
"276340.0";"2.655955"
"276350.0";"2.627058"
"276360.0";"2.734818"
"276370.0";"2.740249"
"276380.0";"2.743712"
"276390.0";"2.631452"
"276400.0";"2.601006"
"276410.0";"2.608036"
"276420.0";"2.650594"
"276430.0";"2.629116"
"276440.0";"2.635215"
"276450.0";"2.618508"
"276460.0";"2.599753"
"276470.0";"2.5448"
"276480.0";"2.545486"
"276490.0";"2.325701"
"276500.0";"2.375562"
"276510.0";"2.537358"
"276520.0";"2.512156"
"276530.0";"2.382015"
"276540.0";"2.430887"
"276550.0";"2.403208"
"276560.0";"2.348251"
"276570.0";"2.424173"
"276580.0";"2.362954"
"276590.0";"2.339447"
"276600.0";"2.354538"
"276610.0";"2.411544"
"276620.0";"2.44466"
"276630.0";"2.357908"
"276640.0";"2.444039"
"276650.0";"2.482497"
"276660.0";"2.440313"
"276670.0";"2.650167"
"276680.0";"2.423223"
"276690.0";"2.428614"
"276700.0";"2.583401"
"276710.0";"2.534167"
"276720.0";"2.427588"
"276730.0";"2.427403"
"276740.0";"2.468832"
"276750.0";"2.415942"
"276760.0";"2.503962"
"276770.0";"2.514902"
"276780.0";"2.512782"
"276790.0";"2.49545"
"276800.0";"2.600377"
"276810.0";"2.599898"
"276820.0";"2.608786"
"276830.0";"2.39358"
"276840.0";"2.406118"
"276850.0";"2.320981"
"276860.0";"2.398218"
"276870.0";"2.51448"
"276880.0";"2.440365"
"276890.0";"2.496324"
"276900.0";"2.632709"
"276910.0";"2.515959"
"276920.0";"2.629881"
"276930.0";"2.602435"
"276940.0";"2.661785"
"276950.0";"2.561964"
"276960.0";"2.550961"
"276970.0";"2.455413"
"276980.0";"2.395519"
"276990.0";"2.518057"
"277000.0";"2.460307"
"277010.0";"2.49705"
"277020.0";"2.486634"
"277030.0";"2.397842"
"277040.0";"2.373951"
"277050.0";"2.419609"
"277060.0";"2.345034"
"277070.0";"2.306617"
"277080.0";"2.399864"
"277090.0";"2.47447"
"277100.0";"2.494737"
"277110.0";"2.541009"
"277120.0";"2.436476"
"277130.0";"2.412646"
"277140.0";"2.510626"
"277150.0";"2.586195"
"277160.0";"2.501385"
"277170.0";"2.618472"
"277180.0";"2.550144"
"277190.0";"2.568522"
"277200.0";"2.487003"
"277210.0";"2.512939"
"277220.0";"2.600862"
"277230.0";"2.549972"
"277240.0";"2.613708"
"277250.0";"2.483705"
"277260.0";"2.554608"
"277270.0";"2.549932"
"277280.0";"2.526261"
"277290.0";"2.464883"
"277300.0";"2.351772"
"277310.0";"2.256341"
"277320.0";"2.416424"
"277330.0";"2.464667"
"277340.0";"2.439113"
"277350.0";"2.389936"
"277360.0";"2.354287"
"277370.0";"2.362985"
"277380.0";"2.334043"
"277390.0";"2.429985"
"277400.0";"2.365314"
"277410.0";"2.444822"
"277420.0";"2.33133"
"277430.0";"2.325457"
"277440.0";"2.369625"
"277450.0";"2.362425"
"277460.0";"2.361727"
"277470.0";"2.302446"
"277480.0";"2.331868"
"277490.0";"2.34613"
"277500.0";"2.293688"
"277510.0";"2.25426"
"277520.0";"2.275417"
"277530.0";"2.276827"
"277540.0";"2.329967"
"277550.0";"2.337995"
"277560.0";"2.363947"
"277570.0";"2.278839"
"277580.0";"2.440441"
"277590.0";"2.246022"
"277600.0";"2.312541"
"277610.0";"2.203213"
"277620.0";"2.316923"
"277630.0";"2.249515"
"277640.0";"2.359064"
"277650.0";"2.316967"
"277660.0";"2.330521"
"277670.0";"2.332348"
"277680.0";"2.243755"
"277690.0";"2.320679"
"277700.0";"2.230478"
"277710.0";"2.253264"
"277720.0";"2.228733"
"277730.0";"2.27683"
"277740.0";"2.311615"
"277750.0";"2.40789"
"277760.0";"2.497855"
"277770.0";"2.360717"
"277780.0";"2.411471"
"277790.0";"2.432403"
"277800.0";"2.422023"
"277810.0";"2.364062"
"277820.0";"2.238477"
"277830.0";"2.295366"
"277840.0";"2.320848"
"277850.0";"2.31759"
"277860.0";"2.353885"
"277870.0";"2.310901"
"277880.0";"2.29265"
"277890.0";"2.348231"
"277900.0";"2.314208"
"277910.0";"2.233166"
"277920.0";"2.359631"
"277930.0";"2.287879"
"277940.0";"2.224693"
"277950.0";"2.283748"
"277960.0";"2.263072"
"277970.0";"2.378025"
"277980.0";"2.302126"
"277990.0";"2.314656"
"278000.0";"2.337179"
"278010.0";"2.31203"
"278020.0";"2.388181"
"278030.0";"2.336735"
"278040.0";"2.430776"
"278050.0";"2.358117"
"278060.0";"2.398106"
"278070.0";"2.207866"
"278080.0";"2.279663"
"278090.0";"2.264882"
"278100.0";"2.253818"
"278110.0";"2.207837"
"278120.0";"2.235876"
"278130.0";"2.185189"
"278140.0";"2.382222"
"278150.0";"2.34498"
"278160.0";"2.272963"
"278170.0";"2.167674"
"278180.0";"2.271917"
"278190.0";"2.267856"
"278200.0";"2.328349"
"278210.0";"2.319233"
"278220.0";"2.337338"
"278230.0";"2.404681"
"278240.0";"2.337905"
"278250.0";"2.326896"
"278260.0";"2.410669"
"278270.0";"2.270534"
"278280.0";"2.343236"
"278290.0";"2.353107"
"278300.0";"2.359713"
"278310.0";"2.405967"
"278320.0";"2.398122"
"278330.0";"2.296965"
"278340.0";"2.239545"
"278350.0";"2.197531"
"278360.0";"2.230715"
"278370.0";"2.298218"
"278380.0";"2.250925"
"278390.0";"2.295885"
"278400.0";"2.310998"
"278410.0";"2.281423"
"278420.0";"2.404282"
"278430.0";"2.312121"
"278440.0";"2.313472"
"278450.0";"2.268603"
"278460.0";"2.393864"
"278470.0";"2.322836"
"278480.0";"2.354098"
"278490.0";"2.294105"
"278500.0";"2.293089"
"278510.0";"2.283264"
"278520.0";"2.274397"
"278530.0";"2.332288"
"278540.0";"2.305994"
"278550.0";"2.248999"
"278560.0";"2.195166"
"278570.0";"2.366352"
"278580.0";"2.377882"
"278590.0";"2.308334"
"278600.0";"2.364506"
"278610.0";"2.407574"
"278620.0";"2.356451"
"278630.0";"2.335366"
"278640.0";"2.221937"
"278650.0";"2.269339"
"278660.0";"2.199893"
"278670.0";"2.3156"
"278680.0";"2.257981"
"278690.0";"2.249763"
"278700.0";"2.331826"
"278710.0";"2.247311"
"278720.0";"2.269415"
"278730.0";"2.264938"
"278740.0";"2.285794"
"278750.0";"2.28229"
"278760.0";"2.297261"
"278770.0";"2.234195"
"278780.0";"2.240512"
"278790.0";"2.317478"
"278800.0";"2.373302"
"278810.0";"2.37374"
"278820.0";"2.326682"
"278830.0";"2.257451"
"278840.0";"2.318118"
"278850.0";"2.271151"
"278860.0";"2.239662"
"278870.0";"2.235753"
"278880.0";"2.264551"
"278890.0";"2.296928"
"278900.0";"2.28669"
"278910.0";"2.322307"
"278920.0";"2.290873"
"278930.0";"2.262115"
"278940.0";"2.25934"
"278950.0";"2.259312"
"278960.0";"2.2309"
"278970.0";"2.221727"
"278980.0";"2.333661"
"278990.0";"2.212224"
"279000.0";"2.296546"
"279010.0";"2.278673"
"279020.0";"2.272886"
"279030.0";"2.314003"
"279040.0";"2.260025"
"279050.0";"2.29251"
"279060.0";"2.352654"
"279070.0";"2.283036"
"279080.0";"2.328758"
"279090.0";"2.35506"
"279100.0";"2.341823"
"279110.0";"2.305918"
"279120.0";"2.327761"
"279130.0";"2.301805"
"279140.0";"2.342685"
"279150.0";"2.342532"
"279160.0";"2.245191"
"279170.0";"2.250385"
"279180.0";"2.251524"
"279190.0";"2.239515"
"279200.0";"2.28821"
"279210.0";"2.468924"
"279220.0";"2.266758"
"279230.0";"2.323181"
"279240.0";"2.298147"
"279250.0";"2.276237"
"279260.0";"2.27875"
"279270.0";"2.362848"
"279280.0";"2.305806"
"279290.0";"2.218965"
"279300.0";"2.316943"
"279310.0";"2.363173"
"279320.0";"2.367015"
"279330.0";"2.270477"
"279340.0";"2.245463"
"279350.0";"2.273376"
"279360.0";"2.334101"
"279370.0";"2.413945"
"279380.0";"2.395331"
"279390.0";"2.412658"
"279400.0";"2.235481"
"279410.0";"2.233525"
"279420.0";"2.18485"
"279430.0";"2.216857"
"279440.0";"2.229593"
"279450.0";"2.18061"
"279460.0";"2.175594"
"279470.0";"2.266554"
"279480.0";"2.270716"
"279490.0";"2.240001"
"279500.0";"2.310637"
"279510.0";"2.174975"
"279520.0";"2.265642"
"279530.0";"2.231852"
"279540.0";"2.25608"
"279550.0";"2.291822"
"279560.0";"2.268601"
"279570.0";"2.342742"
"279580.0";"2.424118"
"279590.0";"2.4344"
"279600.0";"2.307624"
"279610.0";"2.289332"
"279620.0";"2.254821"
"279630.0";"2.307467"
"279640.0";"2.232948"
"279650.0";"2.322522"
"279660.0";"2.156081"
"279670.0";"2.220185"
"279680.0";"2.338827"
"279690.0";"2.352183"
"279700.0";"2.397014"
"279710.0";"2.334384"
"279720.0";"2.329453"
"279730.0";"2.36171"
"279740.0";"2.325366"
"279750.0";"2.281655"
"279760.0";"2.356763"
"279770.0";"2.300906"
"279780.0";"2.309418"
"279790.0";"2.332179"
"279800.0";"2.330607"
"279810.0";"2.261779"
"279820.0";"2.298841"
"279830.0";"2.260273"
"279840.0";"2.332433"
"279850.0";"2.250268"
"279860.0";"2.287658"
"279870.0";"2.387945"
"279880.0";"2.330641"
"279890.0";"2.274991"
"279900.0";"2.206664"
"279910.0";"2.160901"
"279920.0";"2.201472"
"279930.0";"2.214065"
"279940.0";"2.21146"
"279950.0";"2.227347"
"279960.0";"2.194223"
"279970.0";"2.22136"
"279980.0";"2.109105"
"279990.0";"2.293559"
"280000.0";"2.182564"
"280010.0";"2.249848"
"280020.0";"2.331535"
"280030.0";"2.247304"
"280040.0";"2.256588"
"280050.0";"2.305996"
"280060.0";"2.233623"
"280070.0";"2.268003"
"280080.0";"2.392237"
"280090.0";"2.27208"
"280100.0";"2.282436"
"280110.0";"2.243859"
"280120.0";"2.221013"
"280130.0";"2.241135"
"280140.0";"2.229843"
"280150.0";"2.264391"
"280160.0";"2.340181"
"280170.0";"2.239715"
"280180.0";"2.302233"
"280190.0";"2.241471"
"280200.0";"2.350284"
"280210.0";"2.349847"
"280220.0";"2.347303"
"280230.0";"2.284742"
"280240.0";"2.362467"
"280250.0";"2.265326"
"280260.0";"2.209877"
"280270.0";"2.220895"
"280280.0";"2.294341"
"280290.0";"2.314528"
"280300.0";"2.367213"
"280310.0";"2.355353"
"280320.0";"2.27427"
"280330.0";"2.283872"
"280340.0";"2.317184"
"280350.0";"2.217931"
"280360.0";"2.40141"
"280370.0";"2.390012"
"280380.0";"2.364561"
"280390.0";"2.252674"
"280400.0";"2.259048"
"280410.0";"2.266777"
"280420.0";"2.37626"
"280430.0";"2.289373"
"280440.0";"2.272797"
"280450.0";"2.256471"
"280460.0";"2.265419"
"280470.0";"2.298643"
"280480.0";"2.298067"
"280490.0";"2.332862"
"280500.0";"2.350561"
"280510.0";"2.296941"
"280520.0";"2.333869"
"280530.0";"2.385047"
"280540.0";"2.361302"
"280550.0";"2.406818"
"280560.0";"2.335526"
"280570.0";"2.36967"
"280580.0";"2.338432"
"280590.0";"2.346531"
"280600.0";"2.266458"
"280610.0";"2.361147"
"280620.0";"2.334915"
"280630.0";"2.418833"
"280640.0";"2.297654"
"280650.0";"2.279146"
"280660.0";"2.289576"
"280670.0";"2.274553"
"280680.0";"2.321301"
"280690.0";"2.322872"
"280700.0";"2.35716"
"280710.0";"2.34006"
"280720.0";"2.349667"
"280730.0";"2.306395"
"280740.0";"2.389973"
"280750.0";"2.162475"
"280760.0";"2.207116"
"280770.0";"2.309836"
"280780.0";"2.249307"
"280790.0";"2.27086"
"280800.0";"2.23254"
"280810.0";"2.3062"
"280820.0";"2.28484"
"280830.0";"2.37131"
"280840.0";"2.3245"
"280850.0";"2.31828"
"280860.0";"2.27139"
"280870.0";"2.314356"
"280880.0";"2.342675"
"280890.0";"2.290826"
"280900.0";"2.241337"
"280910.0";"2.230791"
"280920.0";"2.420909"
"280930.0";"2.33858"
"280940.0";"2.299716"
"280950.0";"2.334498"
"280960.0";"2.268172"
"280970.0";"2.256617"
"280980.0";"2.296018"
"280990.0";"2.234476"
"281000.0";"2.210664"
"281010.0";"2.157545"
"281020.0";"2.141463"
"281030.0";"2.200607"
"281040.0";"2.173241"
"281050.0";"2.220395"
"281060.0";"2.222291"
"281070.0";"2.312901"
"281080.0";"2.349778"
"281090.0";"2.292521"
"281100.0";"2.308822"
"281110.0";"2.311547"
"281120.0";"2.307735"
"281130.0";"2.292551"
"281140.0";"2.335893"
"281150.0";"2.322368"
"281160.0";"2.380888"
"281170.0";"2.336349"
"281180.0";"2.269149"
"281190.0";"2.275202"
"281200.0";"2.278981"
"281210.0";"2.196718"
"281220.0";"2.327354"
"281230.0";"2.290432"
"281240.0";"2.383143"
"281250.0";"2.358259"
"281260.0";"2.349312"
"281270.0";"2.286515"
"281280.0";"2.287607"
"281290.0";"2.363462"
"281300.0";"2.395618"
"281310.0";"2.330966"
"281320.0";"2.310548"
"281330.0";"2.307287"
"281340.0";"2.373416"
"281350.0";"2.312777"
"281360.0";"2.241813"
"281370.0";"2.234146"
"281380.0";"2.258744"
"281390.0";"2.354351"
"281400.0";"2.34592"
"281410.0";"2.288989"
"281420.0";"2.287087"
"281430.0";"2.30125"
"281440.0";"2.304349"
"281450.0";"2.247764"
"281460.0";"2.302825"
"281470.0";"2.401662"
"281480.0";"2.29776"
"281490.0";"2.250998"
"281500.0";"2.313496"
"281510.0";"2.249451"
"281520.0";"2.356005"
"281530.0";"2.432462"
"281540.0";"2.301402"
"281550.0";"2.266193"
"281560.0";"2.177265"
"281570.0";"2.327442"
"281580.0";"2.296002"
"281590.0";"2.284407"
"281600.0";"2.34457"
"281610.0";"2.31187"
"281620.0";"2.279093"
"281630.0";"2.279943"
"281640.0";"2.239197"
"281650.0";"2.353432"
"281660.0";"2.255076"
"281670.0";"2.176101"
"281680.0";"2.121276"
"281690.0";"2.177959"
"281700.0";"2.204845"
"281710.0";"2.229215"
"281720.0";"2.177828"
"281730.0";"2.154999"
"281740.0";"2.223612"
"281750.0";"2.215417"
"281760.0";"2.222306"
"281770.0";"2.210272"
"281780.0";"2.143499"
"281790.0";"2.331155"
"281800.0";"2.279218"
"281810.0";"2.226526"
"281820.0";"2.269833"
"281830.0";"2.11189"
"281840.0";"2.293445"
"281850.0";"2.26133"
"281860.0";"2.280382"
"281870.0";"2.239543"
"281880.0";"2.310407"
"281890.0";"2.186981"
"281900.0";"2.24232"
"281910.0";"2.251327"
"281920.0";"2.184571"
"281930.0";"2.245131"
"281940.0";"2.301914"
"281950.0";"2.262767"
"281960.0";"2.264906"
"281970.0";"2.238155"
"281980.0";"2.290601"
"281990.0";"2.269803"
"282000.0";"2.250789"
"282010.0";"2.209544"
"282020.0";"2.250005"
"282030.0";"2.218292"
"282040.0";"2.291325"
"282050.0";"2.216579"
"282060.0";"2.24599"
"282070.0";"2.274758"
"282080.0";"2.279051"
"282090.0";"2.233959"
"282100.0";"2.194121"
"282110.0";"2.279943"
"282120.0";"2.264766"
"282130.0";"2.216089"
"282140.0";"2.195639"
"282150.0";"2.247832"
"282160.0";"2.238881"
"282170.0";"2.169318"
"282180.0";"2.2536"
"282190.0";"2.213202"
"282200.0";"2.275317"
"282210.0";"2.338889"
"282220.0";"2.293697"
"282230.0";"2.350779"
"282240.0";"2.392529"
"282250.0";"2.281328"
"282260.0";"2.174998"
"282270.0";"2.210824"
"282280.0";"2.185915"
"282290.0";"2.177797"
"282300.0";"2.200693"
"282310.0";"2.310306"
"282320.0";"2.233627"
"282330.0";"2.29398"
"282340.0";"2.251765"
"282350.0";"2.328531"
"282360.0";"2.206248"
"282370.0";"2.262015"
"282380.0";"2.285607"
"282390.0";"2.324007"
"282400.0";"2.30425"
"282410.0";"2.304762"
"282420.0";"2.309326"
"282430.0";"2.285083"
"282440.0";"2.342797"
"282450.0";"2.169243"
"282460.0";"2.186939"
"282470.0";"2.18441"
"282480.0";"2.181264"
"282490.0";"2.209217"
"282500.0";"2.242566"
"282510.0";"2.122336"
"282520.0";"2.169321"
"282530.0";"2.183481"
"282540.0";"2.308023"
"282550.0";"2.229246"
"282560.0";"2.336992"
"282570.0";"2.340206"
"282580.0";"2.216534"
"282590.0";"2.20574"
"282600.0";"2.215694"
"282610.0";"2.253234"
"282620.0";"2.234691"
"282630.0";"2.366284"
"282640.0";"2.222901"
"282650.0";"2.270611"
"282660.0";"2.339903"
"282670.0";"2.424333"
"282680.0";"2.273434"
"282690.0";"2.295541"
"282700.0";"2.246999"
"282710.0";"2.305353"
"282720.0";"2.282685"
"282730.0";"2.270477"
"282740.0";"2.227005"
"282750.0";"2.287158"
"282760.0";"2.285938"
"282770.0";"2.200465"
"282780.0";"2.308117"
"282790.0";"2.277949"
"282800.0";"2.205356"
"282810.0";"2.213838"
"282820.0";"2.169586"
"282830.0";"2.140618"
"282840.0";"2.262508"
"282850.0";"2.258904"
"282860.0";"2.287987"
"282870.0";"2.266652"
"282880.0";"2.256182"
"282890.0";"2.172353"
"282900.0";"2.28592"
"282910.0";"2.243001"
"282920.0";"2.297306"
"282930.0";"2.174414"
"282940.0";"2.152829"
"282950.0";"2.177252"
"282960.0";"2.189701"
"282970.0";"2.216793"
"282980.0";"2.219188"
"282990.0";"2.178539"
"283000.0";"2.293388"
"283010.0";"2.421313"
"283020.0";"2.400036"
"283030.0";"2.365105"
"283040.0";"2.401833"
"283050.0";"2.410794"
"283060.0";"2.412874"
"283070.0";"2.498543"
"283080.0";"2.416698"
"283090.0";"2.432054"
"283100.0";"2.453032"
"283110.0";"2.456161"
"283120.0";"2.480679"
"283130.0";"2.325644"
"283140.0";"2.451589"
"283150.0";"2.526937"
"283160.0";"2.433718"
"283170.0";"2.469959"
"283180.0";"2.513283"
"283190.0";"2.467116"
"283200.0";"2.490632"
"283210.0";"2.550683"
"283220.0";"2.390882"
"283230.0";"2.20139"
"283240.0";"2.150664"
"283250.0";"2.295558"
"283260.0";"2.212759"
"283270.0";"2.271923"
"283280.0";"2.312887"
"283290.0";"2.346614"
"283300.0";"2.345339"
"283310.0";"2.431104"
"283320.0";"2.281815"
"283330.0";"2.286922"
"283340.0";"2.261094"
"283350.0";"2.432147"
"283360.0";"2.420796"
"283370.0";"2.519569"
"283380.0";"2.385928"
"283390.0";"2.395117"
"283400.0";"2.327848"
"283410.0";"2.417323"
"283420.0";"2.352532"
"283430.0";"2.338115"
"283440.0";"2.308336"
"283450.0";"2.397933"
"283460.0";"2.411998"
"283470.0";"2.305105"
"283480.0";"2.403147"
"283490.0";"2.308397"
"283500.0";"2.314513"
"283510.0";"2.360394"
"283520.0";"2.432545"
"283530.0";"2.454625"
"283540.0";"2.551363"
"283550.0";"2.334319"
"283560.0";"2.509744"
"283570.0";"2.507987"
"283580.0";"2.419941"
"283590.0";"2.483663"
"283600.0";"2.506409"
"283610.0";"2.342524"
"283620.0";"2.327233"
"283630.0";"2.36167"
"283640.0";"2.506981"
"283650.0";"2.561352"
"283660.0";"2.500535"
"283670.0";"2.472607"
"283680.0";"2.518577"
"283690.0";"2.382966"
"283700.0";"2.382208"
"283710.0";"2.254755"
"283720.0";"2.336985"
"283730.0";"2.256226"
"283740.0";"2.278675"
"283750.0";"2.345387"
"283760.0";"2.233378"
"283770.0";"2.314932"
"283780.0";"2.205308"
"283790.0";"2.301305"
"283800.0";"2.378983"
"283810.0";"2.255563"
"283820.0";"2.311367"
"283830.0";"2.243151"
"283840.0";"2.273492"
"283850.0";"2.188088"
"283860.0";"2.296824"
"283870.0";"2.335436"
"283880.0";"2.264622"
"283890.0";"2.232462"
"283900.0";"2.316787"
"283910.0";"2.357451"
"283920.0";"2.321842"
"283930.0";"2.299077"
"283940.0";"2.285116"
"283950.0";"2.38378"
"283960.0";"2.361233"
"283970.0";"2.273536"
"283980.0";"2.296238"
"283990.0";"2.353817"
"284000.0";"2.29558"
"284010.0";"2.24474"
"284020.0";"2.252041"
"284030.0";"2.288676"
"284040.0";"2.314902"
"284050.0";"2.283708"
"284060.0";"2.361635"
"284070.0";"2.297318"
"284080.0";"2.287688"
"284090.0";"2.273809"
"284100.0";"2.271684"
"284110.0";"2.278168"
"284120.0";"2.273994"
"284130.0";"2.297736"
"284140.0";"2.311239"
"284150.0";"2.270293"
"284160.0";"2.237594"
"284170.0";"2.278975"
"284180.0";"2.292305"
"284190.0";"2.31517"
"284200.0";"2.298265"
"284210.0";"2.294314"
"284220.0";"2.261125"
"284230.0";"2.201676"
"284240.0";"2.26932"
"284250.0";"2.293878"
"284260.0";"2.285404"
"284270.0";"2.323456"
"284280.0";"2.344515"
"284290.0";"2.256517"
"284300.0";"2.310148"
"284310.0";"2.312859"
"284320.0";"2.252107"
"284330.0";"2.215706"
"284340.0";"2.285802"
"284350.0";"2.300603"
"284360.0";"2.333142"
"284370.0";"2.296078"
"284380.0";"2.312474"
"284390.0";"2.271424"
"284400.0";"2.272534"
"284410.0";"2.218062"
"284420.0";"2.209238"
"284430.0";"2.377125"
"284440.0";"2.22427"
"284450.0";"2.268745"
"284460.0";"2.290275"
"284470.0";"2.329387"
"284480.0";"2.289387"
"284490.0";"2.233806"
"284500.0";"2.262961"
"284510.0";"2.225738"
"284520.0";"2.211058"
"284530.0";"2.291329"
"284540.0";"2.180097"
"284550.0";"2.232227"
"284560.0";"2.194955"
"284570.0";"2.230733"
"284580.0";"2.234433"
"284590.0";"2.22977"
"284600.0";"2.315042"
"284610.0";"2.183035"
"284620.0";"2.288347"
"284630.0";"2.401043"
"284640.0";"2.36652"
"284650.0";"2.364961"
"284660.0";"2.308078"
"284670.0";"2.351367"
"284680.0";"2.196912"
"284690.0";"2.360695"
"284700.0";"2.276519"
"284710.0";"2.306013"
"284720.0";"2.32938"
"284730.0";"2.255655"
"284740.0";"2.250932"
"284750.0";"2.232476"
"284760.0";"2.309417"
"284770.0";"2.296335"
"284780.0";"2.293114"
"284790.0";"2.375456"
"284800.0";"2.317668"
"284810.0";"2.271263"
"284820.0";"2.304452"
"284830.0";"2.305042"
"284840.0";"2.292915"
"284850.0";"2.31569"
"284860.0";"2.253057"
"284870.0";"2.328077"
"284880.0";"2.264269"
"284890.0";"2.32796"
"284900.0";"2.283234"
"284910.0";"2.281317"
"284920.0";"2.179951"
"284930.0";"2.211065"
"284940.0";"2.218378"
"284950.0";"2.21713"
"284960.0";"2.257213"
"284970.0";"2.29789"
"284980.0";"2.316089"
"284990.0";"2.315816"
"285000.0";"2.229393"
"285010.0";"2.221342"
"285020.0";"2.176795"
"285030.0";"2.188086"
"285040.0";"2.303089"
"285050.0";"2.207251"
"285060.0";"2.339951"
"285070.0";"2.314546"
"285080.0";"2.312693"
"285090.0";"2.355532"
"285100.0";"2.268826"
"285110.0";"2.284592"
"285120.0";"2.436677"
"285130.0";"2.34264"
"285140.0";"2.334761"
"285150.0";"2.383691"
"285160.0";"2.248415"
"285170.0";"2.284219"
"285180.0";"2.285699"
"285190.0";"2.27581"
"285200.0";"2.250169"
"285210.0";"2.251857"
"285220.0";"2.2632"
"285230.0";"2.222604"
"285240.0";"2.231166"
"285250.0";"2.208644"
"285260.0";"2.216044"
"285270.0";"2.204193"
"285280.0";"2.247989"
"285290.0";"2.201396"
"285300.0";"2.220597"
"285310.0";"2.251115"
"285320.0";"2.282196"
"285330.0";"2.347508"
"285340.0";"2.346942"
"285350.0";"2.3443"
"285360.0";"2.536528"
"285370.0";"2.640505"
"285380.0";"2.583274"
"285390.0";"2.503036"
"285400.0";"2.575957"
"285410.0";"2.545974"
"285420.0";"2.577826"
"285430.0";"2.506157"
"285440.0";"2.447916"
"285450.0";"2.523723"
"285460.0";"2.597992"
"285470.0";"2.567573"
"285480.0";"2.585356"
"285490.0";"2.512271"
"285500.0";"2.531172"
"285510.0";"2.558403"
"285520.0";"2.608682"
"285530.0";"2.60208"
"285540.0";"2.563726"
"285550.0";"2.409331"
"285560.0";"2.438165"
"285570.0";"2.511351"
"285580.0";"2.572269"
"285590.0";"2.527194"
"285600.0";"2.465241"
"285610.0";"2.467056"
"285620.0";"2.467606"
"285630.0";"2.553625"
"285640.0";"2.584137"
"285650.0";"2.504638"
"285660.0";"2.497034"
"285670.0";"2.548845"
"285680.0";"2.616448"
"285690.0";"2.628683"
"285700.0";"2.675074"
"285710.0";"2.742457"
"285720.0";"2.578261"
"285730.0";"2.564274"
"285740.0";"2.522869"
"285750.0";"2.562664"
"285760.0";"2.527784"
"285770.0";"2.64786"
"285780.0";"2.584165"
"285790.0";"2.614857"
"285800.0";"2.526886"
"285810.0";"2.573346"
"285820.0";"2.499902"
"285830.0";"2.634663"
"285840.0";"2.546624"
"285850.0";"2.581468"
"285860.0";"2.521648"
"285870.0";"2.594002"
"285880.0";"2.606205"
"285890.0";"2.554316"
"285900.0";"2.558178"
"285910.0";"2.52894"
"285920.0";"2.548965"
"285930.0";"2.559291"
"285940.0";"2.46661"
"285950.0";"2.305712"
"285960.0";"2.393501"
"285970.0";"2.480066"
"285980.0";"2.446954"
"285990.0";"2.316801"
"286000.0";"2.22256"
"286010.0";"2.315752"
"286020.0";"2.198602"
"286030.0";"2.147151"
"286040.0";"2.31376"
"286050.0";"2.256814"
"286060.0";"2.356037"
"286070.0";"2.303729"
"286080.0";"2.300897"
"286090.0";"2.306919"
"286100.0";"2.20591"
"286110.0";"2.183498"
"286120.0";"2.337083"
"286130.0";"2.382101"
"286140.0";"2.253585"
"286150.0";"2.291687"
"286160.0";"2.284184"
"286170.0";"2.354908"
"286180.0";"2.350987"
"286190.0";"2.334021"
"286200.0";"2.293473"
"286210.0";"2.326144"
"286220.0";"2.342873"
"286230.0";"2.287725"
"286240.0";"2.258112"
"286250.0";"2.288597"
"286260.0";"2.310922"
"286270.0";"2.306576"
"286280.0";"2.37345"
"286290.0";"2.306449"
"286300.0";"2.308568"
"286310.0";"2.356414"
"286320.0";"2.330271"
"286330.0";"2.290498"
"286340.0";"2.291831"
"286350.0";"2.285873"
"286360.0";"2.299561"
"286370.0";"2.263628"
"286380.0";"2.314352"
"286390.0";"2.290711"
"286400.0";"2.280192"
"286410.0";"2.297681"
"286420.0";"2.28"
"286430.0";"2.252184"
"286440.0";"2.366242"
"286450.0";"2.31367"
"286460.0";"2.393978"
"286470.0";"2.340564"
"286480.0";"2.341842"
"286490.0";"2.333462"
"286500.0";"2.365926"
"286510.0";"2.354351"
"286520.0";"2.388212"
"286530.0";"2.334134"
"286540.0";"2.275479"
"286550.0";"2.287242"
"286560.0";"2.134999"
"286570.0";"2.219763"
"286580.0";"2.112844"
"286590.0";"2.130787"
"286600.0";"2.116186"
"286610.0";"2.080637"
"286620.0";"2.142326"
"286630.0";"2.132765"
"286640.0";"2.131736"
"286650.0";"2.092808"
"286660.0";"2.0802"
"286670.0";"2.091707"
"286680.0";"2.148644"
"286690.0";"2.123127"
"286700.0";"2.152703"
"286710.0";"2.139341"
"286720.0";"2.122899"
"286730.0";"2.137496"
"286740.0";"2.112405"
"286750.0";"2.097822"
"286760.0";"2.120812"
"286770.0";"2.118262"
"286780.0";"2.103422"
"286790.0";"2.092642"
"286800.0";"2.150647"
"286810.0";"2.091521"
"286820.0";"2.091932"
"286830.0";"2.172783"
"286840.0";"2.105146"
"286850.0";"2.098572"
"286860.0";"2.070761"
"286870.0";"2.117338"
"286880.0";"2.092391"
"286890.0";"2.159003"
"286900.0";"2.125054"
"286910.0";"2.113944"
"286920.0";"2.172599"
"286930.0";"2.115734"
"286940.0";"2.135881"
"286950.0";"2.09201"
"286960.0";"2.10656"
"286970.0";"2.046309"
"286980.0";"2.08937"
"286990.0";"2.063629"
"287000.0";"2.111457"
"287010.0";"2.145192"
"287020.0";"2.079977"
"287030.0";"2.118416"
"287040.0";"2.11344"
"287050.0";"2.114457"
"287060.0";"2.094408"
"287070.0";"2.089057"
"287080.0";"2.044859"
"287090.0";"2.100036"
"287100.0";"2.110079"
"287110.0";"2.073952"
"287120.0";"2.110207"
"287130.0";"2.080764"
"287140.0";"2.060729"
"287150.0";"2.093721"
"287160.0";"2.060162"
"287170.0";"2.135397"
"287180.0";"2.091241"
"287190.0";"2.15735"
"287200.0";"2.094582"
"287210.0";"2.150449"
"287220.0";"2.077432"
"287230.0";"2.047901"
"287240.0";"2.055764"
"287250.0";"2.049789"
"287260.0";"2.134616"
"287270.0";"2.130497"
"287280.0";"2.149394"
"287290.0";"2.109758"
"287300.0";"2.115762"
"287310.0";"2.14674"
"287320.0";"2.143401"
"287330.0";"2.085894"
"287340.0";"2.100748"
"287350.0";"2.161579"
"287360.0";"2.142767"
"287370.0";"2.122906"
"287380.0";"2.153994"
"287390.0";"2.175884"
"287400.0";"2.13775"
"287410.0";"2.07458"
"287420.0";"2.105199"
"287430.0";"2.198361"
"287440.0";"2.115763"
"287450.0";"2.171144"
"287460.0";"2.143098"
"287470.0";"2.157604"
"287480.0";"2.092702"
"287490.0";"2.126076"
"287500.0";"2.176263"
"287510.0";"2.122741"
"287520.0";"2.184961"
"287530.0";"2.091339"
"287540.0";"2.140165"
"287550.0";"2.131546"
"287560.0";"2.061738"
"287570.0";"2.186097"
"287580.0";"2.089457"
"287590.0";"2.163521"
"287600.0";"2.159596"
"287610.0";"2.074037"
"287620.0";"2.074241"
"287630.0";"2.127239"
"287640.0";"2.180048"
"287650.0";"2.17568"
"287660.0";"2.131075"
"287670.0";"2.132423"
"287680.0";"2.090132"
"287690.0";"2.109548"
"287700.0";"2.134715"
"287710.0";"2.158291"
"287720.0";"2.154549"
"287730.0";"2.125951"
"287740.0";"2.158436"
"287750.0";"2.096235"
"287760.0";"2.081418"
"287770.0";"2.16432"
"287780.0";"2.104124"
"287790.0";"2.196255"
"287800.0";"2.157886"
"287810.0";"2.1303"
"287820.0";"2.184447"
"287830.0";"2.197392"
"287840.0";"2.177733"
"287850.0";"2.156663"
"287860.0";"2.131508"
"287870.0";"2.128467"
"287880.0";"2.053944"
"287890.0";"2.074599"
"287900.0";"2.095785"
"287910.0";"2.081294"
"287920.0";"2.106215"
"287930.0";"2.081251"
"287940.0";"2.159314"
"287950.0";"2.105411"
"287960.0";"2.148786"
"287970.0";"2.098996"
"287980.0";"2.128424"
"287990.0";"2.120742"
"288000.0";"2.175424"
"288010.0";"2.143206"
"288020.0";"2.081911"
"288030.0";"2.077585"
"288040.0";"2.141563"
"288050.0";"2.173272"
"288060.0";"2.112881"
"288070.0";"2.128359"
"288080.0";"2.121171"
"288090.0";"2.124274"
"288100.0";"2.146122"
"288110.0";"2.104516"
"288120.0";"2.108721"
"288130.0";"2.071141"
"288140.0";"2.111224"
"288150.0";"2.130824"
"288160.0";"2.15994"
"288170.0";"2.104147"
"288180.0";"2.117804"
"288190.0";"2.12258"
"288200.0";"2.145871"
"288210.0";"2.116335"
"288220.0";"2.14584"
"288230.0";"2.097473"
"288240.0";"2.136606"
"288250.0";"2.117824"
"288260.0";"2.12721"
"288270.0";"2.078513"
"288280.0";"2.110657"
"288290.0";"2.113566"
"288300.0";"2.130599"
"288310.0";"2.13981"
"288320.0";"2.122506"
"288330.0";"2.087459"
"288340.0";"2.101707"
"288350.0";"2.146106"
"288360.0";"2.169377"
"288370.0";"2.113228"
"288380.0";"2.140457"
"288390.0";"2.130679"
"288400.0";"2.187815"
"288410.0";"2.166433"
"288420.0";"2.084177"
"288430.0";"2.078307"
"288440.0";"2.091514"
"288450.0";"2.179044"
"288460.0";"2.138554"
"288470.0";"2.158556"
"288480.0";"2.190856"
"288490.0";"2.152697"
"288500.0";"2.152531"
"288510.0";"2.072019"
"288520.0";"2.110472"
"288530.0";"2.099263"
"288540.0";"2.060778"
"288550.0";"2.150493"
"288560.0";"2.151466"
"288570.0";"2.167711"
"288580.0";"2.173582"
"288590.0";"2.104715"
"288600.0";"2.117874"
"288610.0";"2.110718"
"288620.0";"2.140938"
"288630.0";"2.143473"
"288640.0";"2.137054"
"288650.0";"2.11913"
"288660.0";"2.110962"
"288670.0";"2.178814"
"288680.0";"2.163152"
"288690.0";"2.121847"
"288700.0";"2.05686"
"288710.0";"2.13972"
"288720.0";"2.121338"
"288730.0";"2.095617"
"288740.0";"2.131275"
"288750.0";"2.118218"
"288760.0";"2.110382"
"288770.0";"2.185585"
"288780.0";"2.082473"
"288790.0";"2.147001"
"288800.0";"2.091953"
"288810.0";"2.125149"
"288820.0";"2.091801"
"288830.0";"2.102169"
"288840.0";"2.138904"
"288850.0";"2.109206"
"288860.0";"2.122591"
"288870.0";"2.14805"
"288880.0";"2.168351"
"288890.0";"2.090982"
"288900.0";"2.115851"
"288910.0";"2.119264"
"288920.0";"2.103617"
"288930.0";"2.169017"
"288940.0";"2.133903"
"288950.0";"2.107583"
"288960.0";"2.071667"
"288970.0";"2.080287"
"288980.0";"2.093071"
"288990.0";"2.080333"
"289000.0";"2.12488"
"289010.0";"2.11969"
"289020.0";"2.159893"
"289030.0";"2.094982"
"289040.0";"2.122055"
"289050.0";"2.099496"
"289060.0";"2.094866"
"289070.0";"2.130898"
"289080.0";"2.152138"
"289090.0";"2.159155"
"289100.0";"2.146109"
"289110.0";"2.140662"
"289120.0";"2.168228"
"289130.0";"2.147754"
"289140.0";"2.124166"
"289150.0";"2.148025"
"289160.0";"2.132832"
"289170.0";"2.089962"
"289180.0";"2.11607"
"289190.0";"2.142168"
"289200.0";"2.118868"
"289210.0";"2.106904"
"289220.0";"2.136078"
"289230.0";"2.161633"
"289240.0";"2.094439"
"289250.0";"2.095552"
"289260.0";"2.152899"
"289270.0";"2.080976"
"289280.0";"2.187356"
"289290.0";"2.064493"
"289300.0";"2.118463"
"289310.0";"2.158372"
"289320.0";"2.177706"
"289330.0";"2.102265"
"289340.0";"2.132822"
"289350.0";"2.121082"
"289360.0";"2.047076"
"289370.0";"2.138342"
"289380.0";"2.088912"
"289390.0";"2.073823"
"289400.0";"2.095664"
"289410.0";"2.105224"
"289420.0";"2.113699"
"289430.0";"2.107802"
"289440.0";"2.149217"
"289450.0";"2.09097"
"289460.0";"2.149102"
"289470.0";"2.097433"
"289480.0";"2.109662"
"289490.0";"2.132427"
"289500.0";"2.125777"
"289510.0";"2.159848"
"289520.0";"2.129229"
"289530.0";"2.097007"
"289540.0";"2.165266"
"289550.0";"2.151935"
"289560.0";"2.142632"
"289570.0";"2.106201"
"289580.0";"2.138048"
"289590.0";"2.120637"
"289600.0";"2.04558"
"289610.0";"2.104987"
"289620.0";"2.121042"
"289630.0";"2.130364"
"289640.0";"2.137847"
"289650.0";"2.100492"
"289660.0";"2.108783"
"289670.0";"2.088638"
"289680.0";"2.119262"
"289690.0";"2.153701"
"289700.0";"2.104027"
"289710.0";"2.09953"
"289720.0";"2.091349"
"289730.0";"2.102718"
"289740.0";"2.082139"
"289750.0";"2.114254"
"289760.0";"2.088129"
"289770.0";"2.071237"
"289780.0";"2.174562"
"289790.0";"2.093612"
"289800.0";"2.121297"
"289810.0";"2.110476"
"289820.0";"2.106856"
"289830.0";"2.115412"
"289840.0";"2.14515"
"289850.0";"2.183217"
"289860.0";"2.090727"
"289870.0";"2.18174"
"289880.0";"2.117733"
"289890.0";"2.122837"
"289900.0";"2.10361"
"289910.0";"2.091853"
"289920.0";"2.133107"
"289930.0";"2.182986"
"289940.0";"2.174678"
"289950.0";"2.129314"
"289960.0";"2.187325"
"289970.0";"2.088265"
"289980.0";"2.137804"
"289990.0";"2.088372"
"290000.0";"2.180931"
"290010.0";"2.116094"
"290020.0";"2.109684"
"290030.0";"2.091101"
"290040.0";"2.129254"
"290050.0";"2.057515"
"290060.0";"2.05833"
"290070.0";"2.118638"
"290080.0";"2.118289"
"290090.0";"2.152819"
"290100.0";"2.140497"
"290110.0";"2.123735"
"290120.0";"2.112682"
"290130.0";"2.114516"
"290140.0";"2.142063"
"290150.0";"2.145703"
"290160.0";"2.100557"
"290170.0";"2.105531"
"290180.0";"2.145983"
"290190.0";"2.177698"
"290200.0";"2.134676"
"290210.0";"2.117993"
"290220.0";"2.150588"
"290230.0";"2.143524"
"290240.0";"2.138586"
"290250.0";"2.145446"
"290260.0";"2.091873"
"290270.0";"2.116664"
"290280.0";"2.090128"
"290290.0";"2.163514"
"290300.0";"2.090176"
"290310.0";"2.137015"
"290320.0";"2.115535"
"290330.0";"2.09261"
"290340.0";"2.140626"
"290350.0";"2.134647"
"290360.0";"2.070944"
"290370.0";"2.088042"
"290380.0";"2.130776"
"290390.0";"2.158607"
"290400.0";"2.187651"
"290410.0";"2.146552"
"290420.0";"2.120404"
"290430.0";"2.111007"
"290440.0";"2.118421"
"290450.0";"2.131175"
"290460.0";"2.114036"
"290470.0";"2.100793"
"290480.0";"2.103895"
"290490.0";"2.112761"
"290500.0";"2.125944"
"290510.0";"2.154406"
"290520.0";"2.119153"
"290530.0";"2.171826"
"290540.0";"2.151384"
"290550.0";"2.115498"
"290560.0";"2.140366"
"290570.0";"2.063323"
"290580.0";"2.150879"
"290590.0";"2.156488"
"290600.0";"2.152302"
"290610.0";"2.123598"
"290620.0";"2.157061"
"290630.0";"2.186261"
"290640.0";"2.118971"
"290650.0";"2.199029"
"290660.0";"2.132415"
"290670.0";"2.132391"
"290680.0";"2.070664"
"290690.0";"2.156814"
"290700.0";"2.090851"
"290710.0";"2.16059"
"290720.0";"2.134029"
"290730.0";"2.145"
"290740.0";"2.120612"
"290750.0";"2.170424"
"290760.0";"2.14413"
"290770.0";"2.133975"
"290780.0";"2.195167"
"290790.0";"2.143836"
"290800.0";"2.143043"
"290810.0";"2.148546"
"290820.0";"2.108444"
"290830.0";"2.131338"
"290840.0";"2.094014"
"290850.0";"2.200084"
"290860.0";"2.150193"
"290870.0";"2.127923"
"290880.0";"2.192764"
"290890.0";"2.134815"
"290900.0";"2.130721"
"290910.0";"2.169086"
"290920.0";"2.139987"
"290930.0";"2.132343"
"290940.0";"2.109531"
"290950.0";"2.109381"
"290960.0";"2.195731"
"290970.0";"2.161191"
"290980.0";"2.119909"
"290990.0";"2.107116"
"291000.0";"2.131276"
"291010.0";"2.123867"
"291020.0";"2.217825"
"291030.0";"2.166219"
"291040.0";"2.110916"
"291050.0";"2.102465"
"291060.0";"2.113848"
"291070.0";"2.139002"
"291080.0";"2.145614"
"291090.0";"2.115419"
"291100.0";"2.110773"
"291110.0";"2.105879"
"291120.0";"2.082284"
"291130.0";"2.145154"
"291140.0";"2.159887"
"291150.0";"2.176365"
"291160.0";"2.124897"
"291170.0";"2.11286"
"291180.0";"2.153962"
"291190.0";"2.109835"
"291200.0";"2.177614"
"291210.0";"2.152465"
"291220.0";"2.162851"
"291230.0";"2.125293"
"291240.0";"2.113234"
"291250.0";"2.193545"
"291260.0";"2.230055"
"291270.0";"2.276937"
"291280.0";"2.188253"
"291290.0";"2.22029"
"291300.0";"2.193758"
"291310.0";"2.321467"
"291320.0";"2.301934"
"291330.0";"2.227627"
"291340.0";"2.276609"
"291350.0";"2.215686"
"291360.0";"2.115165"
"291370.0";"2.17796"
"291380.0";"2.327372"
"291390.0";"2.208773"
"291400.0";"2.301359"
"291410.0";"2.140666"
"291420.0";"2.143185"
"291430.0";"2.316382"
"291440.0";"2.17678"
"291450.0";"2.239386"
"291460.0";"2.210385"
"291470.0";"2.272508"
"291480.0";"2.288905"
"291490.0";"2.181498"
"291500.0";"2.117749"
"291510.0";"2.162155"
"291520.0";"2.155174"
"291530.0";"2.26347"
"291540.0";"2.228158"
"291550.0";"2.194397"
"291560.0";"2.201486"
"291570.0";"2.251958"
"291580.0";"2.237821"
"291590.0";"2.254234"
"291600.0";"2.229442"
"291610.0";"2.220967"
"291620.0";"2.221586"
"291630.0";"2.1697"
"291640.0";"2.189154"
"291650.0";"2.180846"
"291660.0";"2.218376"
"291670.0";"2.204526"
"291680.0";"2.207583"
"291690.0";"2.227263"
"291700.0";"2.225777"
"291710.0";"2.188976"
"291720.0";"2.162172"
"291730.0";"2.178998"
"291740.0";"2.205167"
"291750.0";"2.184129"
"291760.0";"2.147995"
"291770.0";"2.22688"
"291780.0";"2.189491"
"291790.0";"2.124545"
"291800.0";"2.23653"
"291810.0";"2.127973"
"291820.0";"2.14335"
"291830.0";"2.169755"
"291840.0";"2.20421"
"291850.0";"2.17625"
"291860.0";"2.206638"
"291870.0";"2.150163"
"291880.0";"2.189558"
"291890.0";"2.157788"
"291900.0";"2.213335"
"291910.0";"2.138189"
"291920.0";"2.224343"
"291930.0";"2.173245"
"291940.0";"2.193177"
"291950.0";"2.120573"
"291960.0";"2.226937"
"291970.0";"2.164953"
"291980.0";"2.190336"
"291990.0";"2.221509"
"292000.0";"2.152801"
"292010.0";"2.177281"
"292020.0";"2.202268"
"292030.0";"2.139801"
"292040.0";"2.201162"
"292050.0";"2.167101"
"292060.0";"2.153583"
"292070.0";"2.204134"
"292080.0";"2.183694"
"292090.0";"2.175753"
"292100.0";"2.137245"
"292110.0";"2.136207"
"292120.0";"2.174986"
"292130.0";"2.169883"
"292140.0";"2.259268"
"292150.0";"2.19908"
"292160.0";"2.12254"
"292170.0";"2.185001"
"292180.0";"2.10046"
"292190.0";"2.108494"
"292200.0";"2.194181"
"292210.0";"2.150846"
"292220.0";"2.142391"
"292230.0";"2.152311"
"292240.0";"2.13161"
"292250.0";"2.126514"
"292260.0";"2.159249"
"292270.0";"2.131106"
"292280.0";"2.109222"
"292290.0";"2.160959"
"292300.0";"2.235445"
"292310.0";"2.185741"
"292320.0";"2.153916"
"292330.0";"2.190719"
"292340.0";"2.109816"
"292350.0";"2.128491"
"292360.0";"2.163466"
"292370.0";"2.163955"
"292380.0";"2.155384"
"292390.0";"2.158253"
"292400.0";"2.141349"
"292410.0";"2.149586"
"292420.0";"2.119559"
"292430.0";"2.092466"
"292440.0";"2.112059"
"292450.0";"2.08225"
"292460.0";"2.098737"
"292470.0";"2.061963"
"292480.0";"2.097347"
"292490.0";"2.123683"
"292500.0";"2.184602"
"292510.0";"2.120905"
"292520.0";"2.157653"
"292530.0";"2.0972"
"292540.0";"2.150816"
"292550.0";"2.206223"
"292560.0";"2.185474"
"292570.0";"2.166337"
"292580.0";"2.18126"
"292590.0";"2.1585"
"292600.0";"2.142927"
"292610.0";"2.134047"
"292620.0";"2.170838"
"292630.0";"2.179818"
"292640.0";"2.148755"
"292650.0";"2.14829"
"292660.0";"2.120121"
"292670.0";"2.108778"
"292680.0";"2.118057"
"292690.0";"2.140569"
"292700.0";"2.140621"
"292710.0";"2.145544"
"292720.0";"2.134945"
"292730.0";"2.156512"
"292740.0";"2.110051"
"292750.0";"2.10765"
"292760.0";"2.08238"
"292770.0";"2.125743"
"292780.0";"2.139315"
"292790.0";"2.155847"
"292800.0";"2.11058"
"292810.0";"2.077859"
"292820.0";"2.141322"
"292830.0";"2.172153"
"292840.0";"2.098869"
"292850.0";"2.097822"
"292860.0";"2.081973"
"292870.0";"2.124735"
"292880.0";"2.063394"
"292890.0";"2.154361"
"292900.0";"2.122369"
"292910.0";"2.1285"
"292920.0";"2.15892"
"292930.0";"2.089545"
"292940.0";"2.188847"
"292950.0";"2.08212"
"292960.0";"2.108183"
"292970.0";"2.122461"
"292980.0";"2.144182"
"292990.0";"2.102646"
"293000.0";"2.093351"
"293010.0";"2.124766"
"293020.0";"2.087615"
"293030.0";"2.177191"
"293040.0";"2.110593"
"293050.0";"2.114157"
"293060.0";"2.114124"
"293070.0";"2.178406"
"293080.0";"2.093739"
"293090.0";"2.161776"
"293100.0";"2.089518"
"293110.0";"2.076349"
"293120.0";"2.108112"
"293130.0";"2.091655"
"293140.0";"2.10547"
"293150.0";"2.134853"
"293160.0";"2.069361"
"293170.0";"2.160426"
"293180.0";"2.141317"
"293190.0";"2.098406"
"293200.0";"2.122992"
"293210.0";"2.125551"
"293220.0";"2.081176"
"293230.0";"2.148638"
"293240.0";"2.048966"
"293250.0";"2.13692"
"293260.0";"2.114107"
"293270.0";"2.114423"
"293280.0";"2.142576"
"293290.0";"2.111017"
"293300.0";"2.13735"
"293310.0";"2.083102"
"293320.0";"2.102468"
"293330.0";"2.174464"
"293340.0";"2.186143"
"293350.0";"2.115868"
"293360.0";"2.052539"
"293370.0";"2.147848"
"293380.0";"2.14379"
"293390.0";"2.131359"
"293400.0";"2.111793"
"293410.0";"2.122267"
"293420.0";"2.093978"
"293430.0";"2.110456"
"293440.0";"2.082906"
"293450.0";"2.076091"
"293460.0";"2.084528"
"293470.0";"2.098632"
"293480.0";"2.095649"
"293490.0";"2.102405"
"293500.0";"2.102493"
"293510.0";"2.121295"
"293520.0";"2.065391"
"293530.0";"2.13515"
"293540.0";"2.088183"
"293550.0";"2.10868"
"293560.0";"2.117632"
"293570.0";"2.106604"
"293580.0";"2.15713"
"293590.0";"2.165736"
"293600.0";"2.125656"
"293610.0";"2.130268"
"293620.0";"2.170693"
"293630.0";"2.151653"
"293640.0";"2.178898"
"293650.0";"2.158553"
"293660.0";"2.164064"
"293670.0";"2.127541"
"293680.0";"2.133584"
"293690.0";"2.149993"
"293700.0";"2.125809"
"293710.0";"2.10956"
"293720.0";"2.151858"
"293730.0";"2.100486"
"293740.0";"2.142312"
"293750.0";"2.116437"
"293760.0";"2.12657"
"293770.0";"2.179348"
"293780.0";"2.079817"
"293790.0";"2.078479"
"293800.0";"2.046001"
"293810.0";"2.125879"
"293820.0";"2.105937"
"293830.0";"2.087436"
"293840.0";"2.134524"
"293850.0";"2.184838"
"293860.0";"2.161205"
"293870.0";"2.14687"
"293880.0";"2.086389"
"293890.0";"2.14357"
"293900.0";"2.121959"
"293910.0";"2.101482"
"293920.0";"2.111584"
"293930.0";"2.109487"
"293940.0";"2.158376"
"293950.0";"2.139204"
"293960.0";"2.112759"
"293970.0";"2.118562"
"293980.0";"2.134006"
"293990.0";"2.156142"
"294000.0";"2.154961"
"294010.0";"2.120784"
"294020.0";"2.067129"
"294030.0";"2.14479"
"294040.0";"2.170799"
"294050.0";"2.070268"
"294060.0";"2.152058"
"294070.0";"2.138748"
"294080.0";"2.14386"
"294090.0";"2.135375"
"294100.0";"2.105704"
"294110.0";"2.157245"
"294120.0";"2.131177"
"294130.0";"2.093649"
"294140.0";"2.107134"
"294150.0";"2.134055"
"294160.0";"2.10992"
"294170.0";"2.152461"
"294180.0";"2.120554"
"294190.0";"2.1439"
"294200.0";"2.110501"
"294210.0";"2.068696"
"294220.0";"2.120719"
"294230.0";"2.128508"
"294240.0";"2.142632"
"294250.0";"2.158408"
"294260.0";"2.1172"
"294270.0";"2.095069"
"294280.0";"2.09745"
"294290.0";"2.07189"
"294300.0";"2.116188"
"294310.0";"2.135853"
"294320.0";"2.144661"
"294330.0";"2.137035"
"294340.0";"2.145783"
"294350.0";"2.142847"
"294360.0";"2.141967"
"294370.0";"2.114917"
"294380.0";"2.151012"
"294390.0";"2.151749"
"294400.0";"2.122162"
"294410.0";"2.104464"
"294420.0";"2.118078"
"294430.0";"2.22856"
"294440.0";"2.074831"
"294450.0";"2.151711"
"294460.0";"2.128777"
"294470.0";"2.143514"
"294480.0";"2.072234"
"294490.0";"2.109982"
"294500.0";"2.16324"
"294510.0";"2.091592"
"294520.0";"2.143853"
"294530.0";"2.131907"
"294540.0";"2.094506"
"294550.0";"2.119796"
"294560.0";"2.132998"
"294570.0";"2.111198"
"294580.0";"2.05206"
"294590.0";"2.127302"
"294600.0";"2.144715"
"294610.0";"2.101309"
"294620.0";"2.099242"
"294630.0";"2.165542"
"294640.0";"2.098898"
"294650.0";"2.171489"
"294660.0";"2.139992"
"294670.0";"2.094933"
"294680.0";"2.122709"
"294690.0";"2.09075"
"294700.0";"2.121186"
"294710.0";"2.137513"
"294720.0";"2.097809"
"294730.0";"2.106081"
"294740.0";"2.141401"
"294750.0";"2.092965"
"294760.0";"2.140097"
"294770.0";"2.077708"
"294780.0";"2.138324"
"294790.0";"2.09112"
"294800.0";"2.128782"
"294810.0";"2.173884"
"294820.0";"2.119205"
"294830.0";"2.155364"
"294840.0";"2.162118"
"294850.0";"2.094271"
"294860.0";"2.107193"
"294870.0";"2.134978"
"294880.0";"2.133508"
"294890.0";"2.136417"
"294900.0";"2.196778"
"294910.0";"2.171603"
"294920.0";"2.186424"
"294930.0";"2.173414"
"294940.0";"2.194839"
"294950.0";"2.130071"
"294960.0";"2.190778"
"294970.0";"2.101527"
"294980.0";"2.14822"
"294990.0";"2.16188"
"295000.0";"2.157782"
"295010.0";"2.215657"
"295020.0";"2.17248"
"295030.0";"2.181747"
"295040.0";"2.134828"
"295050.0";"2.14673"
"295060.0";"2.109615"
"295070.0";"2.156947"
"295080.0";"2.200558"
"295090.0";"2.175494"
"295100.0";"2.117453"
"295110.0";"2.107836"
"295120.0";"2.148706"
"295130.0";"2.15831"
"295140.0";"2.159788"
"295150.0";"2.16172"
"295160.0";"2.148049"
"295170.0";"2.123818"
"295180.0";"2.099747"
"295190.0";"2.160698"
"295200.0";"2.203882"
"295210.0";"2.137028"
"295220.0";"2.170744"
"295230.0";"2.160278"
"295240.0";"2.152041"
"295250.0";"2.149182"
"295260.0";"2.151546"
"295270.0";"2.155333"
"295280.0";"2.118023"
"295290.0";"2.086588"
"295300.0";"2.126114"
"295310.0";"2.12632"
"295320.0";"2.07641"
"295330.0";"2.098845"
"295340.0";"2.102282"
"295350.0";"2.194307"
"295360.0";"2.307491"
"295370.0";"2.294769"
"295380.0";"2.307179"
"295390.0";"2.283255"
"295400.0";"2.231292"
"295410.0";"2.343056"
"295420.0";"2.238323"
"295430.0";"2.311494"
"295440.0";"2.295259"
"295450.0";"2.306599"
"295460.0";"2.315225"
"295470.0";"2.224783"
"295480.0";"2.3166"
"295490.0";"2.242555"
"295500.0";"2.267628"
"295510.0";"2.303982"
"295520.0";"2.273786"
"295530.0";"2.30137"
"295540.0";"2.288597"
"295550.0";"2.343193"
"295560.0";"2.258517"
"295570.0";"2.203717"
"295580.0";"2.308819"
"295590.0";"2.250996"
"295600.0";"2.238541"
"295610.0";"2.303723"
"295620.0";"2.294568"
"295630.0";"2.285323"
"295640.0";"2.323349"
"295650.0";"2.294557"
"295660.0";"2.241158"
"295670.0";"2.261476"
"295680.0";"2.264195"
"295690.0";"2.284949"
"295700.0";"2.194385"
"295710.0";"2.190154"
"295720.0";"2.239016"
"295730.0";"2.261221"
"295740.0";"2.291799"
"295750.0";"2.271081"
"295760.0";"2.246984"
"295770.0";"2.242022"
"295780.0";"2.240183"
"295790.0";"2.232856"
"295800.0";"2.268543"
"295810.0";"2.210268"
"295820.0";"2.276673"
"295830.0";"2.247921"
"295840.0";"2.240388"
"295850.0";"2.180014"
"295860.0";"2.230238"
"295870.0";"2.23945"
"295880.0";"2.199329"
"295890.0";"2.293494"
"295900.0";"2.282897"
"295910.0";"2.278927"
"295920.0";"2.325004"
"295930.0";"2.377599"
"295940.0";"2.240842"
"295950.0";"2.332032"
"295960.0";"2.326164"
"295970.0";"2.293323"
"295980.0";"2.263889"
"295990.0";"2.221983"
"296000.0";"2.276359"
"296010.0";"2.247578"
"296020.0";"2.247671"
"296030.0";"2.197284"
"296040.0";"2.239513"
"296050.0";"2.198746"
"296060.0";"2.193953"
"296070.0";"2.225292"
"296080.0";"2.183698"
"296090.0";"2.187275"
"296100.0";"2.320057"
"296110.0";"2.285062"
"296120.0";"2.283227"
"296130.0";"2.222849"
"296140.0";"2.309458"
"296150.0";"2.221833"
"296160.0";"2.236549"
"296170.0";"2.252892"
"296180.0";"2.29793"
"296190.0";"2.261228"
"296200.0";"2.291046"
"296210.0";"2.293065"
"296220.0";"2.203459"
"296230.0";"2.252481"
"296240.0";"2.295515"
"296250.0";"2.238536"
"296260.0";"2.246067"
"296270.0";"2.290167"
"296280.0";"2.240996"
"296290.0";"2.201227"
"296300.0";"2.203282"
"296310.0";"2.274195"
"296320.0";"2.253258"
"296330.0";"2.296438"
"296340.0";"2.242851"
"296350.0";"2.319755"
"296360.0";"2.285294"
"296370.0";"2.330922"
"296380.0";"2.473474"
"296390.0";"2.283614"
"296400.0";"2.385346"
"296410.0";"2.274653"
"296420.0";"2.292779"
"296430.0";"2.214607"
"296440.0";"2.205684"
"296450.0";"2.200263"
"296460.0";"2.156871"
"296470.0";"2.292973"
"296480.0";"2.303967"
"296490.0";"2.215726"
"296500.0";"2.26731"
"296510.0";"2.324052"
"296520.0";"2.308865"
"296530.0";"2.283266"
"296540.0";"2.273659"
"296550.0";"2.162913"
"296560.0";"2.33873"
"296570.0";"2.228328"
"296580.0";"2.121035"
"296590.0";"2.158092"
"296600.0";"2.190572"
"296610.0";"2.132611"
"296620.0";"2.193999"
"296630.0";"2.171731"
"296640.0";"2.276505"
"296650.0";"2.467875"
"296660.0";"2.430146"
"296670.0";"2.379772"
"296680.0";"2.425032"
"296690.0";"2.395602"
"296700.0";"2.237359"
"296710.0";"2.303506"
"296720.0";"2.34334"
"296730.0";"2.310199"
"296740.0";"2.270393"
"296750.0";"2.260706"
"296760.0";"2.281832"
"296770.0";"2.176789"
"296780.0";"2.210635"
"296790.0";"2.251359"
"296800.0";"2.253012"
"296810.0";"2.14585"
"296820.0";"2.21308"
"296830.0";"2.290144"
"296840.0";"2.239769"
"296850.0";"2.197165"
"296860.0";"2.132336"
"296870.0";"2.206439"
"296880.0";"2.256211"
"296890.0";"2.132961"
"296900.0";"2.253112"
"296910.0";"2.42616"
"296920.0";"2.194511"
"296930.0";"2.322159"
"296940.0";"2.246248"
"296950.0";"2.234673"
"296960.0";"2.288757"
"296970.0";"2.328559"
"296980.0";"2.274471"
"296990.0";"2.318139"
"297000.0";"2.363048"
"297010.0";"2.245417"
"297020.0";"2.383482"
"297030.0";"2.284065"
"297040.0";"2.400251"
"297050.0";"2.454965"
"297060.0";"2.463103"
"297070.0";"2.414625"
"297080.0";"2.460498"
"297090.0";"2.522332"
"297100.0";"2.52948"
"297110.0";"2.521616"
"297120.0";"2.452455"
"297130.0";"2.408137"
"297140.0";"2.450735"
"297150.0";"2.497056"
"297160.0";"2.454262"
"297170.0";"2.408144"
"297180.0";"2.456664"
"297190.0";"2.296191"
"297200.0";"2.215531"
"297210.0";"2.33773"
"297220.0";"2.227454"
"297230.0";"2.296663"
"297240.0";"2.326747"
"297250.0";"2.308832"
"297260.0";"2.319542"
"297270.0";"2.302686"
"297280.0";"2.247912"
"297290.0";"2.293688"
"297300.0";"2.287777"
"297310.0";"2.200927"
"297320.0";"2.251678"
"297330.0";"2.217253"
"297340.0";"2.271495"
"297350.0";"2.210993"
"297360.0";"2.152262"
"297370.0";"2.208199"
"297380.0";"2.187528"
"297390.0";"2.180547"
"297400.0";"2.131408"
"297410.0";"2.168518"
"297420.0";"2.226085"
"297430.0";"2.214376"
"297440.0";"2.156411"
"297450.0";"2.161904"
"297460.0";"2.165283"
"297470.0";"2.216929"
"297480.0";"2.21106"
"297490.0";"2.182847"
"297500.0";"2.188901"
"297510.0";"2.177118"
"297520.0";"2.249603"
"297530.0";"2.213391"
"297540.0";"2.216273"
"297550.0";"2.244072"
"297560.0";"2.221112"
"297570.0";"2.358793"
"297580.0";"2.294824"
"297590.0";"2.289728"
"297600.0";"2.335571"
"297610.0";"2.281879"
"297620.0";"2.258607"
"297630.0";"2.251625"
"297640.0";"2.270973"
"297650.0";"2.218949"
"297660.0";"2.241046"
"297670.0";"2.350537"
"297680.0";"2.342161"
"297690.0";"2.256531"
"297700.0";"2.259683"
"297710.0";"2.30927"
"297720.0";"2.31055"
"297730.0";"2.215925"
"297740.0";"2.285829"
"297750.0";"2.331758"
"297760.0";"2.319131"
"297770.0";"2.259581"
"297780.0";"2.285717"
"297790.0";"2.34308"
"297800.0";"2.321398"
"297810.0";"2.303233"
"297820.0";"2.310915"
"297830.0";"2.271607"
"297840.0";"2.34605"
"297850.0";"2.291164"
"297860.0";"2.322434"
"297870.0";"2.250052"
"297880.0";"2.2042"
"297890.0";"2.274281"
"297900.0";"2.187391"
"297910.0";"2.180419"
"297920.0";"2.269796"
"297930.0";"2.277102"
"297940.0";"2.360802"
"297950.0";"2.325529"
"297960.0";"2.344205"
"297970.0";"2.34796"
"297980.0";"2.267104"
"297990.0";"2.339209"
"298000.0";"2.325642"
"298010.0";"2.315159"
"298020.0";"2.332519"
"298030.0";"2.429865"
"298040.0";"2.407115"
"298050.0";"2.280388"
"298060.0";"2.350353"
"298070.0";"2.304178"
"298080.0";"2.296731"
"298090.0";"2.270202"
"298100.0";"2.278853"
"298110.0";"2.293644"
"298120.0";"2.288483"
"298130.0";"2.339196"
"298140.0";"2.357721"
"298150.0";"2.278761"
"298160.0";"2.30476"
"298170.0";"2.220605"
"298180.0";"2.297179"
"298190.0";"2.371766"
"298200.0";"2.290118"
"298210.0";"2.365668"
"298220.0";"2.317087"
"298230.0";"2.304198"
"298240.0";"2.293207"
"298250.0";"2.253326"
"298260.0";"2.345814"
"298270.0";"2.252708"
"298280.0";"2.149811"
"298290.0";"2.247179"
"298300.0";"2.248623"
"298310.0";"2.388189"
"298320.0";"2.332287"
"298330.0";"2.325383"
"298340.0";"2.312224"
"298350.0";"2.286923"
"298360.0";"2.368377"
"298370.0";"2.398"
"298380.0";"2.296919"
"298390.0";"2.286191"
"298400.0";"2.279032"
"298410.0";"2.255784"
"298420.0";"2.204602"
"298430.0";"2.281325"
"298440.0";"2.313162"
"298450.0";"2.298936"
"298460.0";"2.339502"
"298470.0";"2.259049"
"298480.0";"2.280464"
"298490.0";"2.268839"
"298500.0";"2.274208"
"298510.0";"2.254304"
"298520.0";"2.375775"
"298530.0";"2.289748"
"298540.0";"2.254331"
"298550.0";"2.3042"
"298560.0";"2.345331"
"298570.0";"2.349769"
"298580.0";"2.2587"
"298590.0";"2.312895"
"298600.0";"2.339906"
"298610.0";"2.319181"
"298620.0";"2.275829"
"298630.0";"2.287179"
"298640.0";"2.301915"
"298650.0";"2.330713"
"298660.0";"2.336053"
"298670.0";"2.377931"
"298680.0";"2.31903"
"298690.0";"2.294518"
"298700.0";"2.308454"
"298710.0";"2.298507"
"298720.0";"2.392074"
"298730.0";"2.342725"
"298740.0";"2.44677"
"298750.0";"2.341961"
"298760.0";"2.270791"
"298770.0";"2.186042"
"298780.0";"2.349525"
"298790.0";"2.258787"
"298800.0";"2.334175"
"298810.0";"2.325459"
"298820.0";"2.28931"
"298830.0";"2.365449"
"298840.0";"2.436908"
"298850.0";"2.312392"
"298860.0";"2.311352"
"298870.0";"2.384979"
"298880.0";"2.298738"
"298890.0";"2.372605"
"298900.0";"2.35544"
"298910.0";"2.255474"
"298920.0";"2.300489"
"298930.0";"2.230561"
"298940.0";"2.206113"
"298950.0";"2.239172"
"298960.0";"2.228835"
"298970.0";"2.328094"
"298980.0";"2.286149"
"298990.0";"2.360776"
"299000.0";"2.361058"
"299010.0";"2.241021"
"299020.0";"2.33556"
"299030.0";"2.313606"
"299040.0";"2.39384"
"299050.0";"2.374615"
"299060.0";"2.353597"
"299070.0";"2.376725"
"299080.0";"2.36822"
"299090.0";"2.420305"
"299100.0";"2.388655"
"299110.0";"2.379151"
"299120.0";"2.34364"
"299130.0";"2.437014"
"299140.0";"2.39273"
"299150.0";"2.437794"
"299160.0";"2.384845"
"299170.0";"2.428915"
"299180.0";"2.304281"
"299190.0";"2.34252"
"299200.0";"2.235467"
"299210.0";"2.318445"
"299220.0";"2.295314"
"299230.0";"2.370513"
"299240.0";"2.284441"
"299250.0";"2.239218"
"299260.0";"2.272241"
"299270.0";"2.315303"
"299280.0";"2.389569"
"299290.0";"2.343629"
"299300.0";"2.36027"
"299310.0";"2.269615"
"299320.0";"2.234558"
"299330.0";"2.286452"
"299340.0";"2.247"
"299350.0";"2.186007"
"299360.0";"2.312527"
"299370.0";"2.271596"
"299380.0";"2.257353"
"299390.0";"2.352858"
"299400.0";"2.253957"
"299410.0";"2.242383"
"299420.0";"2.213568"
"299430.0";"2.184772"
"299440.0";"2.215039"
"299450.0";"2.223348"
"299460.0";"2.20836"
"299470.0";"2.194196"
"299480.0";"2.186877"
"299490.0";"2.289086"
"299500.0";"2.327325"
"299510.0";"2.379491"
"299520.0";"2.289167"
"299530.0";"2.249911"
"299540.0";"2.264012"
"299550.0";"2.226743"
"299560.0";"2.342601"
"299570.0";"2.265073"
"299580.0";"2.283319"
"299590.0";"2.262633"
"299600.0";"2.315327"
"299610.0";"2.279572"
"299620.0";"2.248555"
"299630.0";"2.349711"
"299640.0";"2.280847"
"299650.0";"2.413079"
"299660.0";"2.349177"
"299670.0";"2.341118"
"299680.0";"2.293769"
"299690.0";"2.223947"
"299700.0";"2.277006"
"299710.0";"2.245538"
"299720.0";"2.310138"
"299730.0";"2.384954"
"299740.0";"2.241188"
"299750.0";"2.22664"
"299760.0";"2.3597"
"299770.0";"2.354046"
"299780.0";"2.329063"
"299790.0";"2.313967"
"299800.0";"2.297071"
"299810.0";"2.30678"
"299820.0";"2.202204"
"299830.0";"2.298669"
"299840.0";"2.288675"
"299850.0";"2.224894"
"299860.0";"2.270456"
"299870.0";"2.265918"
"299880.0";"2.211476"
"299890.0";"2.269832"
"299900.0";"2.254786"
"299910.0";"2.309713"
"299920.0";"2.308281"
"299930.0";"2.339805"
"299940.0";"2.278752"
"299950.0";"2.278273"
"299960.0";"2.288812"
"299970.0";"2.278575"
"299980.0";"2.359223"
"299990.0";"2.212695"
"300000.0";"2.223155"
